  PAW B                                  
 100
Core Pot   L  =         .00000   -.69431
  -.20000000E+01  .68449254E+00
  -.19600000E+01  .66369471E+00
  -.19200000E+01  .64263542E+00
  -.18800000E+01  .62130773E+00
  -.18400000E+01  .59970443E+00
  -.18000000E+01  .57781811E+00
  -.17600000E+01  .55564102E+00
  -.17200000E+01  .53316508E+00
  -.16800000E+01  .51038196E+00
  -.16400000E+01  .48728298E+00
  -.16000000E+01  .46385912E+00
  -.15600000E+01  .44010101E+00
  -.15200000E+01  .41599889E+00
  -.14800000E+01  .39154261E+00
  -.14400000E+01  .36672159E+00
  -.14000000E+01  .34152483E+00
  -.13600000E+01  .31594086E+00
  -.13200000E+01  .28995771E+00
  -.12800000E+01  .26356292E+00
  -.12400000E+01  .23674347E+00
  -.12000000E+01  .20948577E+00
  -.11600000E+01  .18177564E+00
  -.11200000E+01  .15359825E+00
  -.10800000E+01  .12493811E+00
  -.10400000E+01  .95778999E-01
  -.10000000E+01  .66103956E-01
  -.96000000E+00  .35895217E-01
  -.92000000E+00  .51341727E-02
  -.88000000E+00 -.26198684E-01
  -.84000000E+00 -.58123812E-01
  -.80000000E+00 -.90662681E-01
  -.76000000E+00 -.12383784E+00
  -.72000000E+00 -.15767297E+00
  -.68000000E+00 -.19219299E+00
  -.64000000E+00 -.22742408E+00
  -.60000000E+00 -.26339385E+00
  -.56000000E+00 -.30013134E+00
  -.52000000E+00 -.33766719E+00
  -.48000000E+00 -.37603372E+00
  -.44000000E+00 -.41526504E+00
  -.40000000E+00 -.45539720E+00
  -.36000000E+00 -.49646831E+00
  -.32000000E+00 -.53851870E+00
  -.28000000E+00 -.58159109E+00
  -.24000000E+00 -.62573074E+00
  -.20000000E+00 -.67098568E+00
  -.16000000E+00 -.71740692E+00
  -.12000000E+00 -.76504864E+00
  -.80000000E-01 -.81396851E+00
  -.40000000E-01 -.86422793E+00
   .12351231E-14 -.91589232E+00
   .40000000E-01 -.96903154E+00
   .80000000E-01 -.10237202E+01
   .12000000E+00 -.10800380E+01
   .16000000E+00 -.11380703E+01
   .20000000E+00 -.11979088E+01
   .24000000E+00 -.12596517E+01
   .28000000E+00 -.13234044E+01
   .32000000E+00 -.13892807E+01
   .36000000E+00 -.14574029E+01
   .40000000E+00 -.15279031E+01
   .44000000E+00 -.16009239E+01
   .48000000E+00 -.16766200E+01
   .52000000E+00 -.17551585E+01
   .56000000E+00 -.18367215E+01
   .60000000E+00 -.19215066E+01
   .64000000E+00 -.20097294E+01
   .68000000E+00 -.21016250E+01
   .72000000E+00 -.21974509E+01
   .76000000E+00 -.22974891E+01
   .80000000E+00 -.24020497E+01
   .84000000E+00 -.25114737E+01
   .88000000E+00 -.26261379E+01
   .92000000E+00 -.27464588E+01
   .96000000E+00 -.28728989E+01
   .10000000E+01 -.30059722E+01
   .10400000E+01 -.31462526E+01
   .10800000E+01 -.32943820E+01
   .11200000E+01 -.34510814E+01
   .11600000E+01 -.36171631E+01
   .12000000E+01 -.37935455E+01
   .12400000E+01 -.39812713E+01
   .12800000E+01 -.41815294E+01
   .13200000E+01 -.43956809E+01
   .13600000E+01 -.46252919E+01
   .14000000E+01 -.48721735E+01
   .14400000E+01 -.51384318E+01
   .14800000E+01 -.54265300E+01
   .15200000E+01 -.57393682E+01
   .15600000E+01 -.60803842E+01
   .16000000E+01 -.64536844E+01
   .16400000E+01 -.68642146E+01
   .16800000E+01 -.73179860E+01
   .17200000E+01 -.78223787E+01
   .17600000E+01 -.83865544E+01
   .18000000E+01 -.90220290E+01
   .18400000E+01 -.97434806E+01
   .18800000E+01 -.10569915E+02
   .19200000E+01 -.11526386E+02
   .19600000E+01 -.12646614E+02
   .20000000E+01 -.13977081E+02
Potential  L  =         .00000   -.69431
  -.20000000E+01  .73976144E+00
  -.19600000E+01  .71874989E+00
  -.19200000E+01  .69743524E+00
  -.18800000E+01  .67580780E+00
  -.18400000E+01  .65385739E+00
  -.18000000E+01  .63157341E+00
  -.17600000E+01  .60894470E+00
  -.17200000E+01  .58595963E+00
  -.16800000E+01  .56260599E+00
  -.16400000E+01  .53887098E+00
  -.16000000E+01  .51474115E+00
  -.15600000E+01  .49020243E+00
  -.15200000E+01  .46523999E+00
  -.14800000E+01  .43983827E+00
  -.14400000E+01  .41398087E+00
  -.14000000E+01  .38765057E+00
  -.13600000E+01  .36082920E+00
  -.13200000E+01  .33349763E+00
  -.12800000E+01  .30563566E+00
  -.12400000E+01  .27722198E+00
  -.12000000E+01  .24823408E+00
  -.11600000E+01  .21864815E+00
  -.11200000E+01  .18843901E+00
  -.10800000E+01  .15757999E+00
  -.10400000E+01  .12604282E+00
  -.10000000E+01  .93797499E-01
  -.96000000E+00  .60812196E-01
  -.92000000E+00  .27053065E-01
  -.88000000E+00 -.75158975E-02
  -.84000000E+00 -.42933029E-01
  -.80000000E+00 -.79239197E-01
  -.76000000E+00 -.11647801E+00
  -.72000000E+00 -.15469607E+00
  -.68000000E+00 -.19394318E+00
  -.64000000E+00 -.23427270E+00
  -.60000000E+00 -.27574183E+00
  -.56000000E+00 -.31841195E+00
  -.52000000E+00 -.36234904E+00
  -.48000000E+00 -.40762412E+00
  -.44000000E+00 -.45431370E+00
  -.40000000E+00 -.50250039E+00
  -.36000000E+00 -.55227346E+00
  -.32000000E+00 -.60372956E+00
  -.28000000E+00 -.65697350E+00
  -.24000000E+00 -.71211911E+00
  -.20000000E+00 -.76929027E+00
  -.16000000E+00 -.82862200E+00
  -.12000000E+00 -.89026178E+00
  -.80000000E-01 -.95437103E+00
  -.40000000E-01 -.10211268E+01
   .12351231E-14 -.10907235E+01
   .40000000E-01 -.11633757E+01
   .80000000E-01 -.12393199E+01
   .12000000E+00 -.13188182E+01
   .16000000E+00 -.14021616E+01
   .20000000E+00 -.14896739E+01
   .24000000E+00 -.15817166E+01
   .28000000E+00 -.16786948E+01
   .32000000E+00 -.17810636E+01
   .36000000E+00 -.18893362E+01
   .40000000E+00 -.20040937E+01
   .44000000E+00 -.21259963E+01
   .48000000E+00 -.22557977E+01
   .52000000E+00 -.23943620E+01
   .56000000E+00 -.25426844E+01
   .60000000E+00 -.27019179E+01
   .64000000E+00 -.28734051E+01
   .68000000E+00 -.30587192E+01
   .72000000E+00 -.32597154E+01
   .76000000E+00 -.34785978E+01
   .80000000E+00 -.37180047E+01
   .84000000E+00 -.39811215E+01
   .88000000E+00 -.42718301E+01
   .92000000E+00 -.45949106E+01
   .96000000E+00 -.49563166E+01
   .10000000E+01 -.53635594E+01
   .10400000E+01 -.58262527E+01
   .10800000E+01 -.63569037E+01
   .11200000E+01 -.69720906E+01
   .11600000E+01 -.76942654E+01
   .12000000E+01 -.85546085E+01
   .12400000E+01 -.95977268E+01
   .12800000E+01 -.10889752E+02
   .13200000E+01 -.12533107E+02
   .13600000E+01 -.14695358E+02
   .14000000E+01 -.17670796E+02
   .14400000E+01 -.22028167E+02
   .14800000E+01 -.29027892E+02
   .15200000E+01 -.42132883E+02
   .15600000E+01 -.75551375E+02
   .16000000E+01 -.34008700E+03
   .16400000E+01  .13955546E+03
   .16800000E+01  .58497932E+02
   .17200000E+01  .37232127E+02
   .17600000E+01  .27420806E+02
   .18000000E+01  .21769497E+02
   .18400000E+01  .18092871E+02
   .18800000E+01  .15508153E+02
   .19200000E+01  .13590501E+02
   .19600000E+01  .12110160E+02
   .20000000E+01  .10932010E+02
Core Pot   L  =        1.00000   -.26554
  -.20000000E+01  .10335411E+01
  -.19600000E+01  .10156046E+01
  -.19200000E+01  .99745096E+00
  -.18800000E+01  .97907417E+00
  -.18400000E+01  .96046786E+00
  -.18000000E+01  .94162546E+00
  -.17600000E+01  .92254010E+00
  -.17200000E+01  .90320464E+00
  -.16800000E+01  .88361165E+00
  -.16400000E+01  .86375337E+00
  -.16000000E+01  .84362171E+00
  -.15600000E+01  .82320824E+00
  -.15200000E+01  .80250414E+00
  -.14800000E+01  .78150020E+00
  -.14400000E+01  .76018683E+00
  -.14000000E+01  .73855395E+00
  -.13600000E+01  .71659106E+00
  -.13200000E+01  .69428715E+00
  -.12800000E+01  .67163069E+00
  -.12400000E+01  .64860961E+00
  -.12000000E+01  .62521125E+00
  -.11600000E+01  .60142230E+00
  -.11200000E+01  .57722887E+00
  -.10800000E+01  .55261632E+00
  -.10400000E+01  .52756922E+00
  -.10000000E+01  .50207141E+00
  -.96000000E+00  .47610587E+00
  -.92000000E+00  .44965465E+00
  -.88000000E+00  .42269888E+00
  -.84000000E+00  .39521862E+00
  -.80000000E+00  .36719286E+00
  -.76000000E+00  .33859938E+00
  -.72000000E+00  .30941471E+00
  -.68000000E+00  .27961404E+00
  -.64000000E+00  .24917107E+00
  -.60000000E+00  .21805797E+00
  -.56000000E+00  .18624520E+00
  -.52000000E+00  .15370144E+00
  -.48000000E+00  .12039337E+00
  -.44000000E+00  .86285594E-01
  -.40000000E+00  .51340427E-01
  -.36000000E+00  .15517710E-01
  -.32000000E+00 -.21225386E-01
  -.28000000E+00 -.58934593E-01
  -.24000000E+00 -.97658798E-01
  -.20000000E+00 -.13745032E+00
  -.16000000E+00 -.17836520E+00
  -.12000000E+00 -.22046358E+00
  -.80000000E-01 -.26381005E+00
  -.40000000E-01 -.30847407E+00
   .12351231E-14 -.35453047E+00
   .40000000E-01 -.40205994E+00
   .80000000E-01 -.45114964E+00
   .12000000E+00 -.50189386E+00
   .16000000E+00 -.55439478E+00
   .20000000E+00 -.60876327E+00
   .24000000E+00 -.66511987E+00
   .28000000E+00 -.72359590E+00
   .32000000E+00 -.78433461E+00
   .36000000E+00 -.84749264E+00
   .40000000E+00 -.91324161E+00
   .44000000E+00 -.98176994E+00
   .48000000E+00 -.10532850E+01
   .52000000E+00 -.11280154E+01
   .56000000E+00 -.12062140E+01
   .60000000E+00 -.12881613E+01
   .64000000E+00 -.13741688E+01
   .68000000E+00 -.14645839E+01
   .72000000E+00 -.15597953E+01
   .76000000E+00 -.16602388E+01
   .80000000E+00 -.17664052E+01
   .84000000E+00 -.18788489E+01
   .88000000E+00 -.19981987E+01
   .92000000E+00 -.21251709E+01
   .96000000E+00 -.22605845E+01
   .10000000E+01 -.24053813E+01
   .10400000E+01 -.25606485E+01
   .10800000E+01 -.27276491E+01
   .11200000E+01 -.29078583E+01
   .11600000E+01 -.31030101E+01
   .12000000E+01 -.33151568E+01
   .12400000E+01 -.35467454E+01
   .12800000E+01 -.38007176E+01
   .13200000E+01 -.40806411E+01
   .13600000E+01 -.43908857E+01
   .14000000E+01 -.47368621E+01
   .14400000E+01 -.51253517E+01
   .14800000E+01 -.55649697E+01
   .15200000E+01 -.60668299E+01
   .15600000E+01 -.66455219E+01
   .16000000E+01 -.73205846E+01
   .16400000E+01 -.81187997E+01
   .16800000E+01 -.90778910E+01
   .17200000E+01 -.10252747E+02
   .17600000E+01 -.11726439E+02
   .18000000E+01 -.13630972E+02
   .18400000E+01 -.16189536E+02
   .18800000E+01 -.19811680E+02
   .19200000E+01 -.25339136E+02
   .19600000E+01 -.34820186E+02
   .20000000E+01 -.54878917E+02
Potential  L  =        1.00000   -.26554
  -.20000000E+01  .99913080E+00
  -.19600000E+01  .98109272E+00
  -.19200000E+01  .96285016E+00
  -.18800000E+01  .94439795E+00
  -.18400000E+01  .92573075E+00
  -.18000000E+01  .90684302E+00
  -.17600000E+01  .88772902E+00
  -.17200000E+01  .86838279E+00
  -.16800000E+01  .84879817E+00
  -.16400000E+01  .82896874E+00
  -.16000000E+01  .80888786E+00
  -.15600000E+01  .78854861E+00
  -.15200000E+01  .76794384E+00
  -.14800000E+01  .74706609E+00
  -.14400000E+01  .72590761E+00
  -.14000000E+01  .70446035E+00
  -.13600000E+01  .68271594E+00
  -.13200000E+01  .66066564E+00
  -.12800000E+01  .63830038E+00
  -.12400000E+01  .61561070E+00
  -.12000000E+01  .59258675E+00
  -.11600000E+01  .56921825E+00
  -.11200000E+01  .54549448E+00
  -.10800000E+01  .52140427E+00
  -.10400000E+01  .49693593E+00
  -.10000000E+01  .47207727E+00
  -.96000000E+00  .44681555E+00
  -.92000000E+00  .42113745E+00
  -.88000000E+00  .39502902E+00
  -.84000000E+00  .36847568E+00
  -.80000000E+00  .34146215E+00
  -.76000000E+00  .31397243E+00
  -.72000000E+00  .28598974E+00
  -.68000000E+00  .25749648E+00
  -.64000000E+00  .22847417E+00
  -.60000000E+00  .19890341E+00
  -.56000000E+00  .16876381E+00
  -.52000000E+00  .13803393E+00
  -.48000000E+00  .10669122E+00
  -.44000000E+00  .74711908E-01
  -.40000000E+00  .42070980E-01
  -.36000000E+00  .87420416E-02
  -.32000000E+00 -.25302755E-01
  -.28000000E+00 -.60092812E-01
  -.24000000E+00 -.95659203E-01
  -.20000000E+00 -.13203479E+00
  -.16000000E+00 -.16925436E+00
  -.12000000E+00 -.20735475E+00
  -.80000000E-01 -.24637503E+00
  -.40000000E-01 -.28635665E+00
   .12351231E-14 -.32734365E+00
   .40000000E-01 -.36938282E+00
   .80000000E-01 -.41252398E+00
   .12000000E+00 -.45682018E+00
   .16000000E+00 -.50232799E+00
   .20000000E+00 -.54910780E+00
   .24000000E+00 -.59722413E+00
   .28000000E+00 -.64674601E+00
   .32000000E+00 -.69774737E+00
   .36000000E+00 -.75030749E+00
   .40000000E+00 -.80451147E+00
   .44000000E+00 -.86045083E+00
   .48000000E+00 -.91822407E+00
   .52000000E+00 -.97793736E+00
   .56000000E+00 -.10397053E+01
   .60000000E+00 -.11036520E+01
   .64000000E+00 -.11699114E+01
   .68000000E+00 -.12386293E+01
   .72000000E+00 -.13099637E+01
   .76000000E+00 -.13840868E+01
   .80000000E+00 -.14611863E+01
   .84000000E+00 -.15414673E+01
   .88000000E+00 -.16251541E+01
   .92000000E+00 -.17124931E+01
   .96000000E+00 -.18037549E+01
   .10000000E+01 -.18992379E+01
   .10400000E+01 -.19992715E+01
   .10800000E+01 -.21042208E+01
   .11200000E+01 -.22144908E+01
   .11600000E+01 -.23305329E+01
   .12000000E+01 -.24528510E+01
   .12400000E+01 -.25820097E+01
   .12800000E+01 -.27186437E+01
   .13200000E+01 -.28634691E+01
   .13600000E+01 -.30172966E+01
   .14000000E+01 -.31810481E+01
   .14400000E+01 -.33557760E+01
   .14800000E+01 -.35426874E+01
   .15200000E+01 -.37431736E+01
   .15600000E+01 -.39588467E+01
   .16000000E+01 -.41915848E+01
   .16400000E+01 -.44435898E+01
   .16800000E+01 -.47174601E+01
   .17200000E+01 -.50162838E+01
   .17600000E+01 -.53437602E+01
   .18000000E+01 -.57043588E+01
   .18400000E+01 -.61035305E+01
   .18800000E+01 -.65479926E+01
   .19200000E+01 -.70461201E+01
   .19600000E+01 -.76084893E+01
   .20000000E+01 -.82486535E+01
Core Pot   L  =        2.00000   -.30000
  -.20000000E+01  .17697805E+01
  -.19600000E+01  .17595779E+01
  -.19200000E+01  .17493320E+01
  -.18800000E+01  .17390423E+01
  -.18400000E+01  .17287082E+01
  -.18000000E+01  .17183294E+01
  -.17600000E+01  .17079054E+01
  -.17200000E+01  .16974357E+01
  -.16800000E+01  .16869197E+01
  -.16400000E+01  .16763569E+01
  -.16000000E+01  .16657470E+01
  -.15600000E+01  .16550892E+01
  -.15200000E+01  .16443831E+01
  -.14800000E+01  .16336282E+01
  -.14400000E+01  .16228238E+01
  -.14000000E+01  .16119695E+01
  -.13600000E+01  .16010647E+01
  -.13200000E+01  .15901087E+01
  -.12800000E+01  .15791010E+01
  -.12400000E+01  .15680410E+01
  -.12000000E+01  .15569282E+01
  -.11600000E+01  .15457617E+01
  -.11200000E+01  .15345412E+01
  -.10800000E+01  .15232658E+01
  -.10400000E+01  .15119349E+01
  -.10000000E+01  .15005480E+01
  -.96000000E+00  .14891042E+01
  -.92000000E+00  .14776030E+01
  -.88000000E+00  .14660436E+01
  -.84000000E+00  .14544253E+01
  -.80000000E+00  .14427473E+01
  -.76000000E+00  .14310091E+01
  -.72000000E+00  .14192097E+01
  -.68000000E+00  .14073484E+01
  -.64000000E+00  .13954245E+01
  -.60000000E+00  .13834371E+01
  -.56000000E+00  .13713855E+01
  -.52000000E+00  .13592689E+01
  -.48000000E+00  .13470863E+01
  -.44000000E+00  .13348369E+01
  -.40000000E+00  .13225199E+01
  -.36000000E+00  .13101344E+01
  -.32000000E+00  .12976795E+01
  -.28000000E+00  .12851542E+01
  -.24000000E+00  .12725577E+01
  -.20000000E+00  .12598889E+01
  -.16000000E+00  .12471469E+01
  -.12000000E+00  .12343306E+01
  -.80000000E-01  .12214392E+01
  -.40000000E-01  .12084715E+01
   .12351231E-14  .11954265E+01
   .40000000E-01  .11823031E+01
   .80000000E-01  .11691002E+01
   .12000000E+00  .11558167E+01
   .16000000E+00  .11424514E+01
   .20000000E+00  .11290033E+01
   .24000000E+00  .11154711E+01
   .28000000E+00  .11018535E+01
   .32000000E+00  .10881494E+01
   .36000000E+00  .10743574E+01
   .40000000E+00  .10604764E+01
   .44000000E+00  .10465049E+01
   .48000000E+00  .10324416E+01
   .52000000E+00  .10182852E+01
   .56000000E+00  .10040342E+01
   .60000000E+00  .98968725E+00
   .64000000E+00  .97524280E+00
   .68000000E+00  .96069939E+00
   .72000000E+00  .94605547E+00
   .76000000E+00  .93130948E+00
   .80000000E+00  .91645983E+00
   .84000000E+00  .90150486E+00
   .88000000E+00  .88644291E+00
   .92000000E+00  .87127226E+00
   .96000000E+00  .85599116E+00
   .10000000E+01  .84059781E+00
   .10400000E+01  .82509039E+00
   .10800000E+01  .80946701E+00
   .11200000E+01  .79372575E+00
   .11600000E+01  .77786464E+00
   .12000000E+01  .76188167E+00
   .12400000E+01  .74577479E+00
   .12800000E+01  .72954186E+00
   .13200000E+01  .71318075E+00
   .13600000E+01  .69668922E+00
   .14000000E+01  .68006500E+00
   .14400000E+01  .66330578E+00
   .14800000E+01  .64640917E+00
   .15200000E+01  .62937272E+00
   .15600000E+01  .61219393E+00
   .16000000E+01  .59487021E+00
   .16400000E+01  .57739897E+00
   .16800000E+01  .55977747E+00
   .17200000E+01  .54200298E+00
   .17600000E+01  .52407261E+00
   .18000000E+01  .50598345E+00
   .18400000E+01  .48773251E+00
   .18800000E+01  .46931671E+00
   .19200000E+01  .45073290E+00
   .19600000E+01  .43197783E+00
   .20000000E+01  .41304816E+00
Potential  L  =        2.00000   -.30000
  -.20000000E+01  .17703355E+01
  -.19600000E+01  .17601110E+01
  -.19200000E+01  .17498434E+01
  -.18800000E+01  .17395321E+01
  -.18400000E+01  .17291768E+01
  -.18000000E+01  .17187768E+01
  -.17600000E+01  .17083319E+01
  -.17200000E+01  .16978414E+01
  -.16800000E+01  .16873050E+01
  -.16400000E+01  .16767220E+01
  -.16000000E+01  .16660921E+01
  -.15600000E+01  .16554146E+01
  -.15200000E+01  .16446892E+01
  -.14800000E+01  .16339151E+01
  -.14400000E+01  .16230920E+01
  -.14000000E+01  .16122193E+01
  -.13600000E+01  .16012964E+01
  -.13200000E+01  .15903227E+01
  -.12800000E+01  .15792977E+01
  -.12400000E+01  .15682209E+01
  -.12000000E+01  .15570915E+01
  -.11600000E+01  .15459091E+01
  -.11200000E+01  .15346729E+01
  -.10800000E+01  .15233825E+01
  -.10400000E+01  .15120371E+01
  -.10000000E+01  .15006361E+01
  -.96000000E+00  .14891788E+01
  -.92000000E+00  .14776647E+01
  -.88000000E+00  .14660930E+01
  -.84000000E+00  .14544630E+01
  -.80000000E+00  .14427740E+01
  -.76000000E+00  .14310254E+01
  -.72000000E+00  .14192164E+01
  -.68000000E+00  .14073462E+01
  -.64000000E+00  .13954142E+01
  -.60000000E+00  .13834195E+01
  -.56000000E+00  .13713614E+01
  -.52000000E+00  .13592391E+01
  -.48000000E+00  .13470518E+01
  -.44000000E+00  .13347987E+01
  -.40000000E+00  .13224789E+01
  -.36000000E+00  .13100916E+01
  -.32000000E+00  .12976359E+01
  -.28000000E+00  .12851109E+01
  -.24000000E+00  .12725158E+01
  -.20000000E+00  .12598497E+01
  -.16000000E+00  .12471115E+01
  -.12000000E+00  .12343004E+01
  -.80000000E-01  .12214154E+01
  -.40000000E-01  .12084556E+01
   .12351231E-14  .11954198E+01
   .40000000E-01  .11823071E+01
   .80000000E-01  .11691165E+01
   .12000000E+00  .11558468E+01
   .16000000E+00  .11424970E+01
   .20000000E+00  .11290661E+01
   .24000000E+00  .11155528E+01
   .28000000E+00  .11019560E+01
   .32000000E+00  .10882745E+01
   .36000000E+00  .10745073E+01
   .40000000E+00  .10606529E+01
   .44000000E+00  .10467103E+01
   .48000000E+00  .10326780E+01
   .52000000E+00  .10185549E+01
   .56000000E+00  .10043397E+01
   .60000000E+00  .99003082E+00
   .64000000E+00  .97562706E+00
   .68000000E+00  .96112697E+00
   .72000000E+00  .94652912E+00
   .76000000E+00  .93183204E+00
   .80000000E+00  .91703423E+00
   .84000000E+00  .90213416E+00
   .88000000E+00  .88713027E+00
   .92000000E+00  .87202096E+00
   .96000000E+00  .85680459E+00
   .10000000E+01  .84147951E+00
   .10400000E+01  .82604400E+00
   .10800000E+01  .81049633E+00
   .11200000E+01  .79483470E+00
   .11600000E+01  .77905730E+00
   .12000000E+01  .76316227E+00
   .12400000E+01  .74714770E+00
   .12800000E+01  .73101163E+00
   .13200000E+01  .71475208E+00
   .13600000E+01  .69836701E+00
   .14000000E+01  .68185432E+00
   .14400000E+01  .66521188E+00
   .14800000E+01  .64843749E+00
   .15200000E+01  .63152893E+00
   .15600000E+01  .61448390E+00
   .16000000E+01  .59730004E+00
   .16400000E+01  .57997495E+00
   .16800000E+01  .56250617E+00
   .17200000E+01  .54489117E+00
   .17600000E+01  .52712737E+00
   .18000000E+01  .50921210E+00
   .18400000E+01  .49114266E+00
   .18800000E+01  .47291626E+00
   .19200000E+01  .45453003E+00
   .19600000E+01  .43598105E+00
   .20000000E+01  .41726630E+00
Core Pot   L  =        3.00000    .00000
  -.20000000E+01  .23750547E+01
  -.19600000E+01  .23673699E+01
  -.19200000E+01  .23596661E+01
  -.18800000E+01  .23519430E+01
  -.18400000E+01  .23442005E+01
  -.18000000E+01  .23364386E+01
  -.17600000E+01  .23286570E+01
  -.17200000E+01  .23208556E+01
  -.16800000E+01  .23130343E+01
  -.16400000E+01  .23051931E+01
  -.16000000E+01  .22973316E+01
  -.15600000E+01  .22894499E+01
  -.15200000E+01  .22815478E+01
  -.14800000E+01  .22736251E+01
  -.14400000E+01  .22656818E+01
  -.14000000E+01  .22577176E+01
  -.13600000E+01  .22497324E+01
  -.13200000E+01  .22417262E+01
  -.12800000E+01  .22336987E+01
  -.12400000E+01  .22256498E+01
  -.12000000E+01  .22175793E+01
  -.11600000E+01  .22094872E+01
  -.11200000E+01  .22013732E+01
  -.10800000E+01  .21932373E+01
  -.10400000E+01  .21850792E+01
  -.10000000E+01  .21768988E+01
  -.96000000E+00  .21686960E+01
  -.92000000E+00  .21604706E+01
  -.88000000E+00  .21522225E+01
  -.84000000E+00  .21439514E+01
  -.80000000E+00  .21356572E+01
  -.76000000E+00  .21273398E+01
  -.72000000E+00  .21189990E+01
  -.68000000E+00  .21106346E+01
  -.64000000E+00  .21022465E+01
  -.60000000E+00  .20938345E+01
  -.56000000E+00  .20853984E+01
  -.52000000E+00  .20769381E+01
  -.48000000E+00  .20684533E+01
  -.44000000E+00  .20599439E+01
  -.40000000E+00  .20514097E+01
  -.36000000E+00  .20428506E+01
  -.32000000E+00  .20342663E+01
  -.28000000E+00  .20256567E+01
  -.24000000E+00  .20170216E+01
  -.20000000E+00  .20083607E+01
  -.16000000E+00  .19996740E+01
  -.12000000E+00  .19909612E+01
  -.80000000E-01  .19822220E+01
  -.40000000E-01  .19734564E+01
   .12351231E-14  .19646641E+01
   .40000000E-01  .19558449E+01
   .80000000E-01  .19469987E+01
   .12000000E+00  .19381251E+01
   .16000000E+00  .19292240E+01
   .20000000E+00  .19202952E+01
   .24000000E+00  .19113385E+01
   .28000000E+00  .19023536E+01
   .32000000E+00  .18933404E+01
   .36000000E+00  .18842985E+01
   .40000000E+00  .18752279E+01
   .44000000E+00  .18661282E+01
   .48000000E+00  .18569992E+01
   .52000000E+00  .18478408E+01
   .56000000E+00  .18386526E+01
   .60000000E+00  .18294344E+01
   .64000000E+00  .18201861E+01
   .68000000E+00  .18109073E+01
   .72000000E+00  .18015978E+01
   .76000000E+00  .17922573E+01
   .80000000E+00  .17828856E+01
   .84000000E+00  .17734825E+01
   .88000000E+00  .17640477E+01
   .92000000E+00  .17545809E+01
   .96000000E+00  .17450819E+01
   .10000000E+01  .17355504E+01
   .10400000E+01  .17259861E+01
   .10800000E+01  .17163888E+01
   .11200000E+01  .17067581E+01
   .11600000E+01  .16970939E+01
   .12000000E+01  .16873957E+01
   .12400000E+01  .16776634E+01
   .12800000E+01  .16678967E+01
   .13200000E+01  .16580951E+01
   .13600000E+01  .16482586E+01
   .14000000E+01  .16383866E+01
   .14400000E+01  .16284790E+01
   .14800000E+01  .16185355E+01
   .15200000E+01  .16085556E+01
   .15600000E+01  .15985392E+01
   .16000000E+01  .15884858E+01
   .16400000E+01  .15783951E+01
   .16800000E+01  .15682669E+01
   .17200000E+01  .15581008E+01
   .17600000E+01  .15478964E+01
   .18000000E+01  .15376535E+01
   .18400000E+01  .15273716E+01
   .18800000E+01  .15170504E+01
   .19200000E+01  .15066895E+01
   .19600000E+01  .14962886E+01
   .20000000E+01  .14858474E+01
Potential  L  =        3.00000    .00000
  -.20000000E+01  .23770435E+01
  -.19600000E+01  .23693327E+01
  -.19200000E+01  .23616025E+01
  -.18800000E+01  .23538527E+01
  -.18400000E+01  .23460834E+01
  -.18000000E+01  .23382943E+01
  -.17600000E+01  .23304853E+01
  -.17200000E+01  .23226563E+01
  -.16800000E+01  .23148071E+01
  -.16400000E+01  .23069376E+01
  -.16000000E+01  .22990478E+01
  -.15600000E+01  .22911373E+01
  -.15200000E+01  .22832062E+01
  -.14800000E+01  .22752542E+01
  -.14400000E+01  .22672813E+01
  -.14000000E+01  .22592872E+01
  -.13600000E+01  .22512719E+01
  -.13200000E+01  .22432352E+01
  -.12800000E+01  .22351770E+01
  -.12400000E+01  .22270971E+01
  -.12000000E+01  .22189953E+01
  -.11600000E+01  .22108715E+01
  -.11200000E+01  .22027256E+01
  -.10800000E+01  .21945574E+01
  -.10400000E+01  .21863667E+01
  -.10000000E+01  .21781535E+01
  -.96000000E+00  .21699174E+01
  -.92000000E+00  .21616585E+01
  -.88000000E+00  .21533765E+01
  -.84000000E+00  .21450712E+01
  -.80000000E+00  .21367425E+01
  -.76000000E+00  .21283902E+01
  -.72000000E+00  .21200142E+01
  -.68000000E+00  .21116143E+01
  -.64000000E+00  .21031902E+01
  -.60000000E+00  .20947419E+01
  -.56000000E+00  .20862692E+01
  -.52000000E+00  .20777719E+01
  -.48000000E+00  .20692497E+01
  -.44000000E+00  .20607026E+01
  -.40000000E+00  .20521304E+01
  -.36000000E+00  .20435327E+01
  -.32000000E+00  .20349096E+01
  -.28000000E+00  .20262607E+01
  -.24000000E+00  .20175860E+01
  -.20000000E+00  .20088851E+01
  -.16000000E+00  .20001579E+01
  -.12000000E+00  .19914042E+01
  -.80000000E-01  .19826238E+01
  -.40000000E-01  .19738166E+01
   .12351231E-14  .19649822E+01
   .40000000E-01  .19561205E+01
   .80000000E-01  .19472313E+01
   .12000000E+00  .19383143E+01
   .16000000E+00  .19293694E+01
   .20000000E+00  .19203964E+01
   .24000000E+00  .19113950E+01
   .28000000E+00  .19023649E+01
   .32000000E+00  .18933061E+01
   .36000000E+00  .18842181E+01
   .40000000E+00  .18751010E+01
   .44000000E+00  .18659542E+01
   .48000000E+00  .18567778E+01
   .52000000E+00  .18475714E+01
   .56000000E+00  .18383347E+01
   .60000000E+00  .18290676E+01
   .64000000E+00  .18197697E+01
   .68000000E+00  .18104409E+01
   .72000000E+00  .18010809E+01
   .76000000E+00  .17916894E+01
   .80000000E+00  .17822662E+01
   .84000000E+00  .17728110E+01
   .88000000E+00  .17633236E+01
   .92000000E+00  .17538036E+01
   .96000000E+00  .17442509E+01
   .10000000E+01  .17346651E+01
   .10400000E+01  .17250460E+01
   .10800000E+01  .17153932E+01
   .11200000E+01  .17057066E+01
   .11600000E+01  .16959857E+01
   .12000000E+01  .16862304E+01
   .12400000E+01  .16764403E+01
   .12800000E+01  .16666152E+01
   .13200000E+01  .16567546E+01
   .13600000E+01  .16468584E+01
   .14000000E+01  .16369263E+01
   .14400000E+01  .16269578E+01
   .14800000E+01  .16169527E+01
   .15200000E+01  .16069106E+01
   .15600000E+01  .15968313E+01
   .16000000E+01  .15867144E+01
   .16400000E+01  .15765596E+01
   .16800000E+01  .15663665E+01
   .17200000E+01  .15561347E+01
   .17600000E+01  .15458641E+01
   .18000000E+01  .15355541E+01
   .18400000E+01  .15252045E+01
   .18800000E+01  .15148148E+01
   .19200000E+01  .15043848E+01
   .19600000E+01  .14939140E+01
   .20000000E+01  .14834020E+01
Core Pot   L  =        4.00000    .00000
  -.20000000E+01  .29622077E+01
  -.19600000E+01  .29559753E+01
  -.19200000E+01  .29497315E+01
  -.18800000E+01  .29434754E+01
  -.18400000E+01  .29372125E+01
  -.18000000E+01  .29309361E+01
  -.17600000E+01  .29246503E+01
  -.17200000E+01  .29183553E+01
  -.16800000E+01  .29120479E+01
  -.16400000E+01  .29057298E+01
  -.16000000E+01  .28994005E+01
  -.15600000E+01  .28930614E+01
  -.15200000E+01  .28867103E+01
  -.14800000E+01  .28803487E+01
  -.14400000E+01  .28739762E+01
  -.14000000E+01  .28675922E+01
  -.13600000E+01  .28611971E+01
  -.13200000E+01  .28547913E+01
  -.12800000E+01  .28483739E+01
  -.12400000E+01  .28419453E+01
  -.12000000E+01  .28355041E+01
  -.11600000E+01  .28290543E+01
  -.11200000E+01  .28225913E+01
  -.10800000E+01  .28161169E+01
  -.10400000E+01  .28096314E+01
  -.10000000E+01  .28031338E+01
  -.96000000E+00  .27966236E+01
  -.92000000E+00  .27901042E+01
  -.88000000E+00  .27835715E+01
  -.84000000E+00  .27770276E+01
  -.80000000E+00  .27704714E+01
  -.76000000E+00  .27639027E+01
  -.72000000E+00  .27573226E+01
  -.68000000E+00  .27507294E+01
  -.64000000E+00  .27441269E+01
  -.60000000E+00  .27375100E+01
  -.56000000E+00  .27308814E+01
  -.52000000E+00  .27242404E+01
  -.48000000E+00  .27175876E+01
  -.44000000E+00  .27109204E+01
  -.40000000E+00  .27042422E+01
  -.36000000E+00  .26975534E+01
  -.32000000E+00  .26908502E+01
  -.28000000E+00  .26841341E+01
  -.24000000E+00  .26774059E+01
  -.20000000E+00  .26706647E+01
  -.16000000E+00  .26639094E+01
  -.12000000E+00  .26571439E+01
  -.80000000E-01  .26503641E+01
  -.40000000E-01  .26435710E+01
   .12351231E-14  .26367653E+01
   .40000000E-01  .26299447E+01
   .80000000E-01  .26231142E+01
   .12000000E+00  .26162683E+01
   .16000000E+00  .26094095E+01
   .20000000E+00  .26025371E+01
   .24000000E+00  .25956517E+01
   .28000000E+00  .25887522E+01
   .32000000E+00  .25818396E+01
   .36000000E+00  .25749127E+01
   .40000000E+00  .25679726E+01
   .44000000E+00  .25610185E+01
   .48000000E+00  .25540493E+01
   .52000000E+00  .25470687E+01
   .56000000E+00  .25400727E+01
   .60000000E+00  .25330627E+01
   .64000000E+00  .25260386E+01
   .68000000E+00  .25190002E+01
   .72000000E+00  .25119476E+01
   .76000000E+00  .25048804E+01
   .80000000E+00  .24977987E+01
   .84000000E+00  .24907027E+01
   .88000000E+00  .24835919E+01
   .92000000E+00  .24764665E+01
   .96000000E+00  .24693263E+01
   .10000000E+01  .24621713E+01
   .10400000E+01  .24550014E+01
   .10800000E+01  .24478165E+01
   .11200000E+01  .24406163E+01
   .11600000E+01  .24334012E+01
   .12000000E+01  .24261707E+01
   .12400000E+01  .24189250E+01
   .12800000E+01  .24116638E+01
   .13200000E+01  .24043871E+01
   .13600000E+01  .23970949E+01
   .14000000E+01  .23897869E+01
   .14400000E+01  .23824633E+01
   .14800000E+01  .23751240E+01
   .15200000E+01  .23677686E+01
   .15600000E+01  .23603972E+01
   .16000000E+01  .23530097E+01
   .16400000E+01  .23456060E+01
   .16800000E+01  .23381861E+01
   .17200000E+01  .23307499E+01
   .17600000E+01  .23232972E+01
   .18000000E+01  .23158279E+01
   .18400000E+01  .23083421E+01
   .18800000E+01  .23008395E+01
   .19200000E+01  .22933201E+01
   .19600000E+01  .22857838E+01
   .20000000E+01  .22782305E+01
Potential  L  =        4.00000    .00000
  -.20000000E+01  .29661594E+01
  -.19600000E+01  .29599184E+01
  -.19200000E+01  .29536667E+01
  -.18800000E+01  .29474044E+01
  -.18400000E+01  .29411310E+01
  -.18000000E+01  .29348477E+01
  -.17600000E+01  .29285534E+01
  -.17200000E+01  .29222476E+01
  -.16800000E+01  .29159321E+01
  -.16400000E+01  .29096053E+01
  -.16000000E+01  .29032670E+01
  -.15600000E+01  .28969188E+01
  -.15200000E+01  .28905590E+01
  -.14800000E+01  .28841876E+01
  -.14400000E+01  .28778060E+01
  -.14000000E+01  .28714130E+01
  -.13600000E+01  .28650081E+01
  -.13200000E+01  .28585929E+01
  -.12800000E+01  .28521658E+01
  -.12400000E+01  .28457275E+01
  -.12000000E+01  .28392779E+01
  -.11600000E+01  .28328165E+01
  -.11200000E+01  .28263436E+01
  -.10800000E+01  .28198594E+01
  -.10400000E+01  .28133635E+01
  -.10000000E+01  .28068558E+01
  -.96000000E+00  .28003363E+01
  -.92000000E+00  .27938051E+01
  -.88000000E+00  .27872617E+01
  -.84000000E+00  .27807070E+01
  -.80000000E+00  .27741398E+01
  -.76000000E+00  .27675608E+01
  -.72000000E+00  .27609696E+01
  -.68000000E+00  .27543662E+01
  -.64000000E+00  .27477512E+01
  -.60000000E+00  .27411230E+01
  -.56000000E+00  .27344830E+01
  -.52000000E+00  .27278306E+01
  -.48000000E+00  .27211658E+01
  -.44000000E+00  .27144882E+01
  -.40000000E+00  .27077982E+01
  -.36000000E+00  .27010958E+01
  -.32000000E+00  .26943803E+01
  -.28000000E+00  .26876524E+01
  -.24000000E+00  .26809115E+01
  -.20000000E+00  .26741580E+01
  -.16000000E+00  .26673912E+01
  -.12000000E+00  .26606115E+01
  -.80000000E-01  .26538185E+01
  -.40000000E-01  .26470127E+01
   .12351231E-14  .26401937E+01
   .40000000E-01  .26333616E+01
   .80000000E-01  .26265159E+01
   .12000000E+00  .26196567E+01
   .16000000E+00  .26127843E+01
   .20000000E+00  .26058980E+01
   .24000000E+00  .25989986E+01
   .28000000E+00  .25920852E+01
   .32000000E+00  .25851581E+01
   .36000000E+00  .25782172E+01
   .40000000E+00  .25712624E+01
   .44000000E+00  .25642939E+01
   .48000000E+00  .25573111E+01
   .52000000E+00  .25503144E+01
   .56000000E+00  .25433033E+01
   .60000000E+00  .25362781E+01
   .64000000E+00  .25292385E+01
   .68000000E+00  .25221846E+01
   .72000000E+00  .25151162E+01
   .76000000E+00  .25080334E+01
   .80000000E+00  .25009357E+01
   .84000000E+00  .24938236E+01
   .88000000E+00  .24866965E+01
   .92000000E+00  .24795547E+01
   .96000000E+00  .24723979E+01
   .10000000E+01  .24652261E+01
   .10400000E+01  .24580392E+01
   .10800000E+01  .24508372E+01
   .11200000E+01  .24436199E+01
   .11600000E+01  .24363873E+01
   .12000000E+01  .24291393E+01
   .12400000E+01  .24218757E+01
   .12800000E+01  .24145967E+01
   .13200000E+01  .24073018E+01
   .13600000E+01  .23999913E+01
   .14000000E+01  .23926650E+01
   .14400000E+01  .23853227E+01
   .14800000E+01  .23779645E+01
   .15200000E+01  .23705901E+01
   .15600000E+01  .23631996E+01
   .16000000E+01  .23557928E+01
   .16400000E+01  .23483696E+01
   .16800000E+01  .23409299E+01
   .17200000E+01  .23334737E+01
   .17600000E+01  .23260009E+01
   .18000000E+01  .23185112E+01
   .18400000E+01  .23110048E+01
   .18800000E+01  .23034815E+01
   .19200000E+01  .22959412E+01
   .19600000E+01  .22883837E+01
   .20000000E+01  .22808090E+01
KBPotential  L  =       .00000  -1.38862
  -.20000000E+01  .68445703E+00
  -.19600000E+01  .66366058E+00
  -.19200000E+01  .64260260E+00
  -.18800000E+01  .62127616E+00
  -.18400000E+01  .59967408E+00
  -.18000000E+01  .57778888E+00
  -.17600000E+01  .55561284E+00
  -.17200000E+01  .53313791E+00
  -.16800000E+01  .51035574E+00
  -.16400000E+01  .48725766E+00
  -.16000000E+01  .46383465E+00
  -.15600000E+01  .44007733E+00
  -.15200000E+01  .41597594E+00
  -.14800000E+01  .39152034E+00
  -.14400000E+01  .36669996E+00
  -.14000000E+01  .34150378E+00
  -.13600000E+01  .31592034E+00
  -.13200000E+01  .28993768E+00
  -.12800000E+01  .26354332E+00
  -.12400000E+01  .23672427E+00
  -.12000000E+01  .20946692E+00
  -.11600000E+01  .18175710E+00
  -.11200000E+01  .15357998E+00
  -.10800000E+01  .12492006E+00
  -.10400000E+01  .95761139E-01
  -.10000000E+01  .66086246E-01
  -.96000000E+00  .35877622E-01
  -.92000000E+00  .51166584E-02
  -.88000000E+00 -.26216151E-01
  -.84000000E+00 -.58141263E-01
  -.80000000E+00 -.90680149E-01
  -.76000000E+00 -.12385535E+00
  -.72000000E+00 -.15769056E+00
  -.68000000E+00 -.19221067E+00
  -.64000000E+00 -.22744190E+00
  -.60000000E+00 -.26341182E+00
  -.56000000E+00 -.30014949E+00
  -.52000000E+00 -.33768554E+00
  -.48000000E+00 -.37605230E+00
  -.44000000E+00 -.41528387E+00
  -.40000000E+00 -.45541631E+00
  -.36000000E+00 -.49648773E+00
  -.32000000E+00 -.53853846E+00
  -.28000000E+00 -.58161121E+00
  -.24000000E+00 -.62575126E+00
  -.20000000E+00 -.67100664E+00
  -.16000000E+00 -.71742835E+00
  -.12000000E+00 -.76507060E+00
  -.80000000E-01 -.81399105E+00
  -.40000000E-01 -.86425110E+00
   .12351231E-14 -.91591620E+00
   .40000000E-01 -.96905621E+00
   .80000000E-01 -.10237457E+01
   .12000000E+00 -.10800645E+01
   .16000000E+00 -.11380980E+01
   .20000000E+00 -.11979378E+01
   .24000000E+00 -.12596821E+01
   .28000000E+00 -.13234365E+01
   .32000000E+00 -.13893147E+01
   .36000000E+00 -.14574391E+01
   .40000000E+00 -.15279418E+01
   .44000000E+00 -.16009656E+01
   .48000000E+00 -.16766650E+01
   .52000000E+00 -.17552075E+01
   .56000000E+00 -.18367750E+01
   .60000000E+00 -.19215655E+01
   .64000000E+00 -.20097943E+01
   .68000000E+00 -.21016970E+01
   .72000000E+00 -.21975312E+01
   .76000000E+00 -.22975790E+01
   .80000000E+00 -.24021506E+01
   .84000000E+00 -.25115877E+01
   .88000000E+00 -.26262669E+01
   .92000000E+00 -.27466055E+01
   .96000000E+00 -.28730660E+01
   .10000000E+01 -.30061633E+01
   .10400000E+01 -.31464717E+01
   .10800000E+01 -.32946339E+01
   .11200000E+01 -.34513717E+01
   .11600000E+01 -.36174984E+01
   .12000000E+01 -.37939338E+01
   .12400000E+01 -.39817220E+01
   .12800000E+01 -.41820536E+01
   .13200000E+01 -.43962920E+01
   .13600000E+01 -.46260057E+01
   .14000000E+01 -.48730099E+01
   .14400000E+01 -.51394142E+01
   .14800000E+01 -.54276873E+01
   .15200000E+01 -.57407356E+01
   .15600000E+01 -.60820053E+01
   .16000000E+01 -.64556132E+01
   .16400000E+01 -.68665189E+01
   .16800000E+01 -.73207515E+01
   .17200000E+01 -.78257145E+01
   .17600000E+01 -.83906015E+01
   .18000000E+01 -.90269715E+01
   .18400000E+01 -.97495620E+01
   .18800000E+01 -.10577463E+02
   .19200000E+01 -.11535850E+02
   .19600000E+01 -.12658624E+02
   .20000000E+01 -.13992540E+02
KBPotential  L  =      1.00000   -.53108
  -.20000000E+01  .10334923E+01
  -.19600000E+01  .10155559E+01
  -.19200000E+01  .99740239E+00
  -.18800000E+01  .97902571E+00
  -.18400000E+01  .96041951E+00
  -.18000000E+01  .94157722E+00
  -.17600000E+01  .92249196E+00
  -.17200000E+01  .90315661E+00
  -.16800000E+01  .88356372E+00
  -.16400000E+01  .86370554E+00
  -.16000000E+01  .84357399E+00
  -.15600000E+01  .82316061E+00
  -.15200000E+01  .80245660E+00
  -.14800000E+01  .78145276E+00
  -.14400000E+01  .76013948E+00
  -.14000000E+01  .73850669E+00
  -.13600000E+01  .71654389E+00
  -.13200000E+01  .69424007E+00
  -.12800000E+01  .67158370E+00
  -.12400000E+01  .64856270E+00
  -.12000000E+01  .62516442E+00
  -.11600000E+01  .60137558E+00
  -.11200000E+01  .57718223E+00
  -.10800000E+01  .55256974E+00
  -.10400000E+01  .52752272E+00
  -.10000000E+01  .50202498E+00
  -.96000000E+00  .47605951E+00
  -.92000000E+00  .44960837E+00
  -.88000000E+00  .42265267E+00
  -.84000000E+00  .39517249E+00
  -.80000000E+00  .36714679E+00
  -.76000000E+00  .33855338E+00
  -.72000000E+00  .30936877E+00
  -.68000000E+00  .27956816E+00
  -.64000000E+00  .24912526E+00
  -.60000000E+00  .21801222E+00
  -.56000000E+00  .18619951E+00
  -.52000000E+00  .15365580E+00
  -.48000000E+00  .12034778E+00
  -.44000000E+00  .86240055E-01
  -.40000000E+00  .51294933E-01
  -.36000000E+00  .15472260E-01
  -.32000000E+00 -.21270798E-01
  -.28000000E+00 -.58979971E-01
  -.24000000E+00 -.97704145E-01
  -.20000000E+00 -.13749564E+00
  -.16000000E+00 -.17841050E+00
  -.12000000E+00 -.22050886E+00
  -.80000000E-01 -.26385532E+00
  -.40000000E-01 -.30851935E+00
   .12351231E-14 -.35457575E+00
   .40000000E-01 -.40210523E+00
   .80000000E-01 -.45119495E+00
   .12000000E+00 -.50193921E+00
   .16000000E+00 -.55444017E+00
   .20000000E+00 -.60880870E+00
   .24000000E+00 -.66516538E+00
   .28000000E+00 -.72364148E+00
   .32000000E+00 -.78438028E+00
   .36000000E+00 -.84753842E+00
   .40000000E+00 -.91328751E+00
   .44000000E+00 -.98181598E+00
   .48000000E+00 -.10533311E+01
   .52000000E+00 -.11280617E+01
   .56000000E+00 -.12062606E+01
   .60000000E+00 -.12882080E+01
   .64000000E+00 -.13742157E+01
   .68000000E+00 -.14646312E+01
   .72000000E+00 -.15598428E+01
   .76000000E+00 -.16602866E+01
   .80000000E+00 -.17664533E+01
   .84000000E+00 -.18788973E+01
   .88000000E+00 -.19982474E+01
   .92000000E+00 -.21252198E+01
   .96000000E+00 -.22606338E+01
   .10000000E+01 -.24054307E+01
   .10400000E+01 -.25606981E+01
   .10800000E+01 -.27276988E+01
   .11200000E+01 -.29079080E+01
   .11600000E+01 -.31030596E+01
   .12000000E+01 -.33152058E+01
   .12400000E+01 -.35467937E+01
   .12800000E+01 -.38007646E+01
   .13200000E+01 -.40806862E+01
   .13600000E+01 -.43909280E+01
   .14000000E+01 -.47369004E+01
   .14400000E+01 -.51253844E+01
   .14800000E+01 -.55649943E+01
   .15200000E+01 -.60668431E+01
   .15600000E+01 -.66455189E+01
   .16000000E+01 -.73205584E+01
   .16400000E+01 -.81187401E+01
   .16800000E+01 -.90777819E+01
   .17200000E+01 -.10252564E+02
   .17600000E+01 -.11726141E+02
   .18000000E+01 -.13630488E+02
   .18400000E+01 -.16188735E+02
   .18800000E+01 -.19810298E+02
   .19200000E+01 -.25336566E+02
   .19600000E+01 -.34814726E+02
   .20000000E+01 -.54863778E+02
KBPotential  L  =      2.00000    .00000
  -.20000000E+01  .17703355E+01
  -.19600000E+01  .17601110E+01
  -.19200000E+01  .17498434E+01
  -.18800000E+01  .17395321E+01
  -.18400000E+01  .17291768E+01
  -.18000000E+01  .17187768E+01
  -.17600000E+01  .17083319E+01
  -.17200000E+01  .16978414E+01
  -.16800000E+01  .16873050E+01
  -.16400000E+01  .16767220E+01
  -.16000000E+01  .16660921E+01
  -.15600000E+01  .16554146E+01
  -.15200000E+01  .16446892E+01
  -.14800000E+01  .16339151E+01
  -.14400000E+01  .16230920E+01
  -.14000000E+01  .16122193E+01
  -.13600000E+01  .16012964E+01
  -.13200000E+01  .15903227E+01
  -.12800000E+01  .15792977E+01
  -.12400000E+01  .15682209E+01
  -.12000000E+01  .15570915E+01
  -.11600000E+01  .15459091E+01
  -.11200000E+01  .15346729E+01
  -.10800000E+01  .15233825E+01
  -.10400000E+01  .15120371E+01
  -.10000000E+01  .15006361E+01
  -.96000000E+00  .14891788E+01
  -.92000000E+00  .14776647E+01
  -.88000000E+00  .14660930E+01
  -.84000000E+00  .14544630E+01
  -.80000000E+00  .14427740E+01
  -.76000000E+00  .14310254E+01
  -.72000000E+00  .14192164E+01
  -.68000000E+00  .14073462E+01
  -.64000000E+00  .13954142E+01
  -.60000000E+00  .13834195E+01
  -.56000000E+00  .13713614E+01
  -.52000000E+00  .13592391E+01
  -.48000000E+00  .13470518E+01
  -.44000000E+00  .13347987E+01
  -.40000000E+00  .13224789E+01
  -.36000000E+00  .13100916E+01
  -.32000000E+00  .12976359E+01
  -.28000000E+00  .12851109E+01
  -.24000000E+00  .12725158E+01
  -.20000000E+00  .12598497E+01
  -.16000000E+00  .12471115E+01
  -.12000000E+00  .12343004E+01
  -.80000000E-01  .12214154E+01
  -.40000000E-01  .12084556E+01
   .12351231E-14  .11954198E+01
   .40000000E-01  .11823071E+01
   .80000000E-01  .11691165E+01
   .12000000E+00  .11558468E+01
   .16000000E+00  .11424970E+01
   .20000000E+00  .11290661E+01
   .24000000E+00  .11155528E+01
   .28000000E+00  .11019560E+01
   .32000000E+00  .10882745E+01
   .36000000E+00  .10745073E+01
   .40000000E+00  .10606529E+01
   .44000000E+00  .10467103E+01
   .48000000E+00  .10326780E+01
   .52000000E+00  .10185549E+01
   .56000000E+00  .10043397E+01
   .60000000E+00  .99003082E+00
   .64000000E+00  .97562706E+00
   .68000000E+00  .96112697E+00
   .72000000E+00  .94652912E+00
   .76000000E+00  .93183204E+00
   .80000000E+00  .91703423E+00
   .84000000E+00  .90213416E+00
   .88000000E+00  .88713027E+00
   .92000000E+00  .87202096E+00
   .96000000E+00  .85680459E+00
   .10000000E+01  .84147951E+00
   .10400000E+01  .82604400E+00
   .10800000E+01  .81049633E+00
   .11200000E+01  .79483470E+00
   .11600000E+01  .77905730E+00
   .12000000E+01  .76316227E+00
   .12400000E+01  .74714770E+00
   .12800000E+01  .73101163E+00
   .13200000E+01  .71475208E+00
   .13600000E+01  .69836701E+00
   .14000000E+01  .68185432E+00
   .14400000E+01  .66521188E+00
   .14800000E+01  .64843749E+00
   .15200000E+01  .63152893E+00
   .15600000E+01  .61448390E+00
   .16000000E+01  .59730004E+00
   .16400000E+01  .57997495E+00
   .16800000E+01  .56250617E+00
   .17200000E+01  .54489117E+00
   .17600000E+01  .52712737E+00
   .18000000E+01  .50921210E+00
   .18400000E+01  .49114266E+00
   .18800000E+01  .47291626E+00
   .19200000E+01  .45453003E+00
   .19600000E+01  .43598105E+00
   .20000000E+01  .41726630E+00
KBPotential  L  =      3.00000    .00000
  -.20000000E+01  .23770435E+01
  -.19600000E+01  .23693327E+01
  -.19200000E+01  .23616025E+01
  -.18800000E+01  .23538527E+01
  -.18400000E+01  .23460834E+01
  -.18000000E+01  .23382943E+01
  -.17600000E+01  .23304853E+01
  -.17200000E+01  .23226563E+01
  -.16800000E+01  .23148071E+01
  -.16400000E+01  .23069376E+01
  -.16000000E+01  .22990478E+01
  -.15600000E+01  .22911373E+01
  -.15200000E+01  .22832062E+01
  -.14800000E+01  .22752542E+01
  -.14400000E+01  .22672813E+01
  -.14000000E+01  .22592872E+01
  -.13600000E+01  .22512719E+01
  -.13200000E+01  .22432352E+01
  -.12800000E+01  .22351770E+01
  -.12400000E+01  .22270971E+01
  -.12000000E+01  .22189953E+01
  -.11600000E+01  .22108715E+01
  -.11200000E+01  .22027256E+01
  -.10800000E+01  .21945574E+01
  -.10400000E+01  .21863667E+01
  -.10000000E+01  .21781535E+01
  -.96000000E+00  .21699174E+01
  -.92000000E+00  .21616585E+01
  -.88000000E+00  .21533765E+01
  -.84000000E+00  .21450712E+01
  -.80000000E+00  .21367425E+01
  -.76000000E+00  .21283902E+01
  -.72000000E+00  .21200142E+01
  -.68000000E+00  .21116143E+01
  -.64000000E+00  .21031902E+01
  -.60000000E+00  .20947419E+01
  -.56000000E+00  .20862692E+01
  -.52000000E+00  .20777719E+01
  -.48000000E+00  .20692497E+01
  -.44000000E+00  .20607026E+01
  -.40000000E+00  .20521304E+01
  -.36000000E+00  .20435327E+01
  -.32000000E+00  .20349096E+01
  -.28000000E+00  .20262607E+01
  -.24000000E+00  .20175860E+01
  -.20000000E+00  .20088851E+01
  -.16000000E+00  .20001579E+01
  -.12000000E+00  .19914042E+01
  -.80000000E-01  .19826238E+01
  -.40000000E-01  .19738166E+01
   .12351231E-14  .19649822E+01
   .40000000E-01  .19561205E+01
   .80000000E-01  .19472313E+01
   .12000000E+00  .19383143E+01
   .16000000E+00  .19293694E+01
   .20000000E+00  .19203964E+01
   .24000000E+00  .19113950E+01
   .28000000E+00  .19023649E+01
   .32000000E+00  .18933061E+01
   .36000000E+00  .18842181E+01
   .40000000E+00  .18751010E+01
   .44000000E+00  .18659542E+01
   .48000000E+00  .18567778E+01
   .52000000E+00  .18475714E+01
   .56000000E+00  .18383347E+01
   .60000000E+00  .18290676E+01
   .64000000E+00  .18197697E+01
   .68000000E+00  .18104409E+01
   .72000000E+00  .18010809E+01
   .76000000E+00  .17916894E+01
   .80000000E+00  .17822662E+01
   .84000000E+00  .17728110E+01
   .88000000E+00  .17633236E+01
   .92000000E+00  .17538036E+01
   .96000000E+00  .17442509E+01
   .10000000E+01  .17346651E+01
   .10400000E+01  .17250460E+01
   .10800000E+01  .17153932E+01
   .11200000E+01  .17057066E+01
   .11600000E+01  .16959857E+01
   .12000000E+01  .16862304E+01
   .12400000E+01  .16764403E+01
   .12800000E+01  .16666152E+01
   .13200000E+01  .16567546E+01
   .13600000E+01  .16468584E+01
   .14000000E+01  .16369263E+01
   .14400000E+01  .16269578E+01
   .14800000E+01  .16169527E+01
   .15200000E+01  .16069106E+01
   .15600000E+01  .15968313E+01
   .16000000E+01  .15867144E+01
   .16400000E+01  .15765596E+01
   .16800000E+01  .15663665E+01
   .17200000E+01  .15561347E+01
   .17600000E+01  .15458641E+01
   .18000000E+01  .15355541E+01
   .18400000E+01  .15252045E+01
   .18800000E+01  .15148148E+01
   .19200000E+01  .15043848E+01
   .19600000E+01  .14939140E+01
   .20000000E+01  .14834020E+01
KBPotential  L  =      4.00000    .00000
  -.20000000E+01  .29661594E+01
  -.19600000E+01  .29599184E+01
  -.19200000E+01  .29536667E+01
  -.18800000E+01  .29474044E+01
  -.18400000E+01  .29411310E+01
  -.18000000E+01  .29348477E+01
  -.17600000E+01  .29285534E+01
  -.17200000E+01  .29222476E+01
  -.16800000E+01  .29159321E+01
  -.16400000E+01  .29096053E+01
  -.16000000E+01  .29032670E+01
  -.15600000E+01  .28969188E+01
  -.15200000E+01  .28905590E+01
  -.14800000E+01  .28841876E+01
  -.14400000E+01  .28778060E+01
  -.14000000E+01  .28714130E+01
  -.13600000E+01  .28650081E+01
  -.13200000E+01  .28585929E+01
  -.12800000E+01  .28521658E+01
  -.12400000E+01  .28457275E+01
  -.12000000E+01  .28392779E+01
  -.11600000E+01  .28328165E+01
  -.11200000E+01  .28263436E+01
  -.10800000E+01  .28198594E+01
  -.10400000E+01  .28133635E+01
  -.10000000E+01  .28068558E+01
  -.96000000E+00  .28003363E+01
  -.92000000E+00  .27938051E+01
  -.88000000E+00  .27872617E+01
  -.84000000E+00  .27807070E+01
  -.80000000E+00  .27741398E+01
  -.76000000E+00  .27675608E+01
  -.72000000E+00  .27609696E+01
  -.68000000E+00  .27543662E+01
  -.64000000E+00  .27477512E+01
  -.60000000E+00  .27411230E+01
  -.56000000E+00  .27344830E+01
  -.52000000E+00  .27278306E+01
  -.48000000E+00  .27211658E+01
  -.44000000E+00  .27144882E+01
  -.40000000E+00  .27077982E+01
  -.36000000E+00  .27010958E+01
  -.32000000E+00  .26943803E+01
  -.28000000E+00  .26876524E+01
  -.24000000E+00  .26809115E+01
  -.20000000E+00  .26741580E+01
  -.16000000E+00  .26673912E+01
  -.12000000E+00  .26606115E+01
  -.80000000E-01  .26538185E+01
  -.40000000E-01  .26470127E+01
   .12351231E-14  .26401937E+01
   .40000000E-01  .26333616E+01
   .80000000E-01  .26265159E+01
   .12000000E+00  .26196567E+01
   .16000000E+00  .26127843E+01
   .20000000E+00  .26058980E+01
   .24000000E+00  .25989986E+01
   .28000000E+00  .25920852E+01
   .32000000E+00  .25851581E+01
   .36000000E+00  .25782172E+01
   .40000000E+00  .25712624E+01
   .44000000E+00  .25642939E+01
   .48000000E+00  .25573111E+01
   .52000000E+00  .25503144E+01
   .56000000E+00  .25433033E+01
   .60000000E+00  .25362781E+01
   .64000000E+00  .25292385E+01
   .68000000E+00  .25221846E+01
   .72000000E+00  .25151162E+01
   .76000000E+00  .25080334E+01
   .80000000E+00  .25009357E+01
   .84000000E+00  .24938236E+01
   .88000000E+00  .24866965E+01
   .92000000E+00  .24795547E+01
   .96000000E+00  .24723979E+01
   .10000000E+01  .24652261E+01
   .10400000E+01  .24580392E+01
   .10800000E+01  .24508372E+01
   .11200000E+01  .24436199E+01
   .11600000E+01  .24363873E+01
   .12000000E+01  .24291393E+01
   .12400000E+01  .24218757E+01
   .12800000E+01  .24145967E+01
   .13200000E+01  .24073018E+01
   .13600000E+01  .23999913E+01
   .14000000E+01  .23926650E+01
   .14400000E+01  .23853227E+01
   .14800000E+01  .23779645E+01
   .15200000E+01  .23705901E+01
   .15600000E+01  .23631996E+01
   .16000000E+01  .23557928E+01
   .16400000E+01  .23483696E+01
   .16800000E+01  .23409299E+01
   .17200000E+01  .23334737E+01
   .17600000E+01  .23260009E+01
   .18000000E+01  .23185112E+01
   .18400000E+01  .23110048E+01
   .18800000E+01  .23034815E+01
   .19200000E+01  .22959412E+01
   .19600000E+01  .22883837E+01
   .20000000E+01  .22808090E+01
