B: s2p1                                 
  .217101220E-05  .220599489E-05  .224154121E-05  .227766023E-05  .231436118E-05
  .235165343E-05  .238954650E-05  .242805008E-05  .246717401E-05  .250692826E-05
  .254732300E-05  .258836854E-05  .263007536E-05  .267245412E-05  .271551564E-05
  .275927092E-05  .280373113E-05  .284890763E-05  .289481196E-05  .294145583E-05
  .298885116E-05  .303701005E-05  .308594481E-05  .313566792E-05  .318619210E-05
  .323753023E-05  .328969543E-05  .334270102E-05  .339656054E-05  .345128774E-05
  .350689660E-05  .356340131E-05  .362081630E-05  .367915624E-05  .373843603E-05
  .379867079E-05  .385987591E-05  .392206702E-05  .398526000E-05  .404947099E-05
  .411471637E-05  .418101282E-05  .424837725E-05  .431682686E-05  .438637914E-05
  .445705184E-05  .452886301E-05  .460183098E-05  .467597437E-05  .475131213E-05
  .482786348E-05  .490564797E-05  .498468546E-05  .506499612E-05  .514660046E-05
  .522951932E-05  .531377385E-05  .539938557E-05  .548637634E-05  .557476836E-05
  .566458420E-05  .575584679E-05  .584857942E-05  .594280576E-05  .603854987E-05
  .613583619E-05  .623468954E-05  .633513518E-05  .643719873E-05  .654090624E-05
  .664628419E-05  .675335948E-05  .686215943E-05  .697271182E-05  .708504485E-05
  .719918722E-05  .731516804E-05  .743301691E-05  .755276392E-05  .767443963E-05
  .779807509E-05  .792370185E-05  .805135198E-05  .818105805E-05  .831285317E-05
  .844677096E-05  .858284560E-05  .872111183E-05  .886160491E-05  .900436071E-05
  .914941565E-05  .929680674E-05  .944657160E-05  .959874845E-05  .975337610E-05
  .991049402E-05  .100701423E-04  .102323617E-04  .103971935E-04  .105646799E-04
  .107348636E-04  .109077879E-04  .110834971E-04  .112620359E-04  .114434498E-04
  .116277853E-04  .118150892E-04  .120054095E-04  .121987945E-04  .123952937E-04
  .125949572E-04  .127978360E-04  .130039817E-04  .132134469E-04  .134262852E-04
  .136425507E-04  .138622987E-04  .140855852E-04  .143124671E-04  .145430023E-04
  .147772497E-04  .150152689E-04  .152571206E-04  .155028666E-04  .157525695E-04
  .160062930E-04  .162641018E-04  .165260617E-04  .167922394E-04  .170627028E-04
  .173375209E-04  .176167638E-04  .179005027E-04  .181888099E-04  .184817589E-04
  .187794245E-04  .190818825E-04  .193892100E-04  .197014855E-04  .200187884E-04
  .203411998E-04  .206688018E-04  .210016779E-04  .213399129E-04  .216835932E-04
  .220328063E-04  .223876413E-04  .227481885E-04  .231145400E-04  .234867890E-04
  .238650304E-04  .242493607E-04  .246398778E-04  .250366813E-04  .254398723E-04
  .258495535E-04  .262658293E-04  .266888058E-04  .271185909E-04  .275552940E-04
  .279990265E-04  .284499013E-04  .289080334E-04  .293735395E-04  .298465383E-04
  .303271502E-04  .308154976E-04  .313117051E-04  .318158990E-04  .323282078E-04
  .328487620E-04  .333776942E-04  .339151391E-04  .344612337E-04  .350161171E-04
  .355799305E-04  .361528176E-04  .367349243E-04  .373263990E-04  .379273921E-04
  .385380568E-04  .391585486E-04  .397890255E-04  .404296481E-04  .410805795E-04
  .417419855E-04  .424140344E-04  .430968974E-04  .437907484E-04  .444957639E-04
  .452121236E-04  .459400098E-04  .466796078E-04  .474311059E-04  .481946953E-04
  .489705705E-04  .497589290E-04  .505599714E-04  .513739016E-04  .522009268E-04
  .530412574E-04  .538951074E-04  .547626940E-04  .556442380E-04  .565399637E-04
  .574500991E-04  .583748757E-04  .593145290E-04  .602692978E-04  .612394252E-04
  .622251580E-04  .632267469E-04  .642444468E-04  .652785166E-04  .663292192E-04
  .673968219E-04  .684815963E-04  .695838183E-04  .707037683E-04  .718417310E-04
  .729979958E-04  .741728569E-04  .753666129E-04  .765795673E-04  .778120287E-04
  .790643104E-04  .803367307E-04  .816296132E-04  .829432865E-04  .842780846E-04
  .856343467E-04  .870124178E-04  .884126479E-04  .898353930E-04  .912810147E-04
  .927498804E-04  .942423633E-04  .957588428E-04  .972997041E-04  .988653389E-04
  .100456145E-03  .102072526E-03  .103714893E-03  .105383664E-03  .107079261E-03
  .108802117E-03  .110552668E-03  .112331359E-03  .114138642E-03  .115974975E-03
  .117840826E-03  .119736668E-03  .121662982E-03  .123620257E-03  .125608991E-03
  .127629688E-03  .129682861E-03  .131769032E-03  .133888729E-03  .136042492E-03
  .138230866E-03  .140454407E-03  .142713680E-03  .145009257E-03  .147341721E-03
  .149711664E-03  .152119688E-03  .154566402E-03  .157052428E-03  .159578397E-03
  .162144949E-03  .164752735E-03  .167402416E-03  .170094665E-03  .172830164E-03
  .175609606E-03  .178433698E-03  .181303154E-03  .184218701E-03  .187181080E-03
  .190191041E-03  .193249347E-03  .196356773E-03  .199514107E-03  .202722148E-03
  .205981709E-03  .209293618E-03  .212658711E-03  .216077843E-03  .219551879E-03
  .223081700E-03  .226668198E-03  .230312284E-03  .234014878E-03  .237776920E-03
  .241599361E-03  .245483170E-03  .249429329E-03  .253438838E-03  .257512712E-03
  .261651981E-03  .265857693E-03  .270130913E-03  .274472722E-03  .278884218E-03
  .283366518E-03  .287920756E-03  .292548083E-03  .297249670E-03  .302026706E-03
  .306880399E-03  .311811977E-03  .316822687E-03  .321913794E-03  .327086588E-03
  .332342374E-03  .337682481E-03  .343108260E-03  .348621081E-03  .354222337E-03
  .359913444E-03  .365695839E-03  .371570983E-03  .377540360E-03  .383605477E-03
  .389767868E-03  .396029086E-03  .402390714E-03  .408854358E-03  .415421649E-03
  .422094245E-03  .428873829E-03  .435762114E-03  .442760837E-03  .449871764E-03
  .457096688E-03  .464437434E-03  .471895851E-03  .479473821E-03  .487173255E-03
  .494996094E-03  .502944311E-03  .511019910E-03  .519224925E-03  .527561425E-03
  .536031510E-03  .544637315E-03  .553381009E-03  .562264793E-03  .571290905E-03
  .580461619E-03  .589779243E-03  .599246125E-03  .608864647E-03  .618637232E-03
  .628566337E-03  .638654463E-03  .648904148E-03  .659317970E-03  .669898550E-03
  .680648548E-03  .691570670E-03  .702667660E-03  .713942310E-03  .725397453E-03
  .737035970E-03  .748860785E-03  .760874870E-03  .773081244E-03  .785482974E-03
  .798083174E-03  .810885009E-03  .823891694E-03  .837106495E-03  .850532729E-03
  .864173767E-03  .878033033E-03  .892114003E-03  .906420211E-03  .920955245E-03
  .935722752E-03  .950726435E-03  .965970056E-03  .981457436E-03  .997192458E-03
  .101317907E-02  .102942127E-02  .104592313E-02  .106268878E-02  .107972243E-02
  .109702834E-02  .111461083E-02  .113247433E-02  .115062329E-02  .116906225E-02
  .118779584E-02  .120682873E-02  .122616569E-02  .124581155E-02  .126577123E-02
  .128604971E-02  .130665207E-02  .132758345E-02  .134884908E-02  .137045427E-02
  .139240442E-02  .141470501E-02  .143736161E-02  .146037987E-02  .148376554E-02
  .150752445E-02  .153166254E-02  .155618581E-02  .158110039E-02  .160641248E-02
  .163212841E-02  .165825456E-02  .168479746E-02  .171176372E-02  .173916005E-02
  .176699328E-02  .179527032E-02  .182399823E-02  .185318415E-02  .188283535E-02
  .191295918E-02  .194356316E-02  .197465488E-02  .200624208E-02  .203833260E-02
  .207093441E-02  .210405563E-02  .213770446E-02  .217188927E-02  .220661853E-02
  .224190088E-02  .227774505E-02  .231415995E-02  .235115460E-02  .238873817E-02
  .242691998E-02  .246570949E-02  .250511631E-02  .254515019E-02  .258582105E-02
  .262713897E-02  .266911415E-02  .271175699E-02  .275507804E-02  .279908800E-02
  .284379775E-02  .288921835E-02  .293536102E-02  .298223715E-02  .302985831E-02
  .307823628E-02  .312738297E-02  .317731052E-02  .322803125E-02  .327955765E-02
  .333190243E-02  .338507849E-02  .343909893E-02  .349397705E-02  .354972637E-02
  .360636060E-02  .366389368E-02  .372233977E-02  .378171322E-02  .384202864E-02
  .390330086E-02  .396554491E-02  .402877609E-02  .409300992E-02  .415826217E-02
  .422454884E-02  .429188619E-02  .436029073E-02  .442977922E-02  .450036869E-02
  .457207642E-02  .464491998E-02  .471891719E-02  .479408615E-02  .487044525E-02
  .494801315E-02  .502680882E-02  .510685149E-02  .518816073E-02  .527075637E-02
  .535465857E-02  .543988780E-02  .552646484E-02  .561441080E-02  .570374709E-02
  .579449548E-02  .588667805E-02  .598031725E-02  .607543586E-02  .617205699E-02
  .627020413E-02  .636990113E-02  .647117220E-02  .657404193E-02  .667853527E-02
  .678467757E-02  .689249456E-02  .700201237E-02  .711325752E-02  .722625696E-02
  .734103803E-02  .745762848E-02  .757605653E-02  .769635077E-02  .781854028E-02
  .794265456E-02  .806872356E-02  .819677769E-02  .832684783E-02  .845896532E-02
  .859316198E-02  .872947014E-02  .886792258E-02  .900855260E-02  .915139402E-02
  .929648116E-02  .944384885E-02  .959353248E-02  .974556794E-02  .989999170E-02
  .100568408E-01  .102161527E-01  .103779656E-01  .105423183E-01  .107092500E-01
  .108788006E-01  .110510107E-01  .112259212E-01  .114035741E-01  .115840115E-01
  .117672766E-01  .119534130E-01  .121424650E-01  .123344776E-01  .125294963E-01
  .127275677E-01  .129287386E-01  .131330569E-01  .133405710E-01  .135513300E-01
  .137653840E-01  .139827836E-01  .142035802E-01  .144278260E-01  .146555740E-01
  .148868781E-01  .151217927E-01  .153603732E-01  .156026759E-01  .158487579E-01
  .160986771E-01  .163524921E-01  .166102628E-01  .168720495E-01  .171379138E-01
  .174079180E-01  .176821253E-01  .179606000E-01  .182434073E-01  .185306132E-01
  .188222848E-01  .191184903E-01  .194192988E-01  .197247804E-01  .200350062E-01
  .203500485E-01  .206699804E-01  .209948765E-01  .213248120E-01  .216598636E-01
  .220001090E-01  .223456268E-01  .226964972E-01  .230528012E-01  .234146212E-01
  .237820407E-01  .241551444E-01  .245340184E-01  .249187498E-01  .253094273E-01
  .257061405E-01  .261089805E-01  .265180399E-01  .269334124E-01  .273551931E-01
  .277834785E-01  .282183665E-01  .286599564E-01  .291083490E-01  .295636465E-01
  .300259526E-01  .304953724E-01  .309720127E-01  .314559816E-01  .319473889E-01
  .324463460E-01  .329529657E-01  .334673628E-01  .339896532E-01  .345199550E-01
  .350583877E-01  .356050724E-01  .361601321E-01  .367236917E-01  .372958774E-01
  .378768177E-01  .384666425E-01  .390654839E-01  .396734756E-01  .402907533E-01
  .409174547E-01  .415537192E-01  .421996883E-01  .428555055E-01  .435213164E-01
  .441972685E-01  .448835112E-01  .455801965E-01  .462874779E-01  .470055116E-01
  .477344556E-01  .484744701E-01  .492257179E-01  .499883636E-01  .507625743E-01
  .515485194E-01  .523463706E-01  .531563020E-01  .539784900E-01  .548131136E-01
  .556603541E-01  .565203954E-01  .573934237E-01  .582796281E-01  .591791998E-01
  .600923331E-01  .610192245E-01  .619600736E-01  .629150823E-01  .638844555E-01
  .648684006E-01  .658671282E-01  .668808513E-01  .679097860E-01  .689541513E-01
  .700141690E-01  .710900640E-01  .721820641E-01  .732904001E-01  .744153059E-01
  .755570187E-01  .767157785E-01  .778918287E-01  .790854157E-01  .802967894E-01
  .815262029E-01  .827739123E-01  .840401776E-01  .853252617E-01  .866294312E-01
  .879529560E-01  .892961096E-01  .906591690E-01  .920424148E-01  .934461312E-01
  .948706059E-01  .963161305E-01  .977830003E-01  .992715142E-01  .100781975E+00
  .102314689E+00  .103869968E+00  .105448125E+00  .107049479E+00  .108674352E+00
  .110323071E+00  .111995966E+00  .113693372E+00  .115415627E+00  .117163075E+00
  .118936063E+00  .120734942E+00  .122560068E+00  .124411801E+00  .126290506E+00
  .128196551E+00  .130130311E+00  .132092163E+00  .134082489E+00  .136101678E+00
  .138150119E+00  .140228211E+00  .142336354E+00  .144474954E+00  .146644422E+00
  .148845173E+00  .151077627E+00  .153342211E+00  .155639355E+00  .157969493E+00
  .160333066E+00  .162730520E+00  .165162304E+00  .167628876E+00  .170130695E+00
  .172668228E+00  .175241945E+00  .177852325E+00  .180499848E+00  .183185003E+00
  .185908281E+00  .188670182E+00  .191471208E+00  .194311870E+00  .197192682E+00
  .200114164E+00  .203076843E+00  .206081249E+00  .209127922E+00  .212217402E+00
  .215350241E+00  .218526991E+00  .221748214E+00  .225014475E+00  .228326348E+00
  .231684409E+00  .235089243E+00  .238541439E+00  .242041595E+00  .245590311E+00
  .249188195E+00  .252835861E+00  .256533929E+00  .260283026E+00  .264083783E+00
  .267936839E+00  .271842838E+00  .275802431E+00  .279816274E+00  .283885030E+00
  .288009369E+00  .292189965E+00  .296427500E+00  .300722661E+00  .305076144E+00
  .309488647E+00  .313960877E+00  .318493546E+00  .323087374E+00  .327743084E+00
  .332461409E+00  .337243086E+00  .342088858E+00  .346999474E+00  .351975692E+00
  .357018272E+00  .362127983E+00  .367305599E+00  .372551901E+00  .377867674E+00
  .383253712E+00  .388710812E+00  .394239779E+00  .399841424E+00  .405516562E+00
  .411266015E+00  .417090611E+00  .422991185E+00  .428968574E+00  .435023624E+00
  .441157186E+00  .447370116E+00  .453663275E+00  .460037529E+00  .466493752E+00
  .473032821E+00  .479655618E+00  .486363031E+00  .493155954E+00  .500035283E+00
  .507001921E+00  .514056776E+00  .521200759E+00  .528434787E+00  .535759780E+00
  .543176664E+00  .550686368E+00  .558289825E+00  .565987973E+00  .573781752E+00
  .581672107E+00  .589659986E+00  .597746341E+00  .605932127E+00  .614218301E+00
  .622605823E+00  .631095658E+00  .639688770E+00  .648386129E+00  .657188704E+00
  .666097467E+00  .675113394E+00  .684237458E+00  .693470638E+00  .702813910E+00
  .712268255E+00  .721834651E+00  .731514078E+00  .741307517E+00  .751215948E+00
  .761240350E+00  .771381702E+00  .781640983E+00  .792019170E+00  .802517238E+00
  .813136161E+00  .823876911E+00  .834740457E+00  .845727766E+00  .856839801E+00
  .868077523E+00  .879441889E+00  .890933850E+00  .902554356E+00  .914304349E+00
  .926184768E+00  .938196546E+00  .950340608E+00  .962617876E+00  .975029262E+00
  .987575674E+00  .100025801E+01  .101307716E+01  .102603401E+01  .103912943E+01
  .105236428E+01  .106573942E+01  .107925569E+01  .109291392E+01  .110671494E+01
  .112065956E+01  .113474856E+01  .114898274E+01  .116336286E+01  .117788969E+01
  .119256396E+01  .120738639E+01  .122235771E+01  .123747860E+01  .125274973E+01
  .126817178E+01  .128374538E+01  .129947115E+01  .131534969E+01  .133138159E+01
  .134756741E+01  .136390768E+01  .138040294E+01  .139705366E+01  .141386032E+01
  .143082337E+01  .144794323E+01  .146522029E+01  .148265492E+01  .150024747E+01
  .151799824E+01  .153590753E+01  .155397558E+01  .157220263E+01  .159058885E+01
  .160913442E+01  .162783947E+01  .164670407E+01  .166572830E+01  .168491218E+01
  .170425570E+01  .172375880E+01  .174342139E+01  .176324336E+01  .178322453E+01
  .180336470E+01  .182366361E+01  .184412097E+01  .186473646E+01  .188550968E+01
  .190644021E+01  .192752758E+01  .194877128E+01  .197017073E+01  .199172532E+01
  .201343437E+01  .203529719E+01  .205731298E+01  .207948093E+01  .210180017E+01
  .212426975E+01  .214688870E+01  .216965597E+01  .219257045E+01  .221563099E+01
  .223883635E+01  .226218527E+01  .228567638E+01  .230930830E+01  .233307954E+01
  .235698857E+01  .238103379E+01  .240521353E+01  .242952605E+01  .245396955E+01
  .247854216E+01  .250324193E+01  .252806685E+01  .255301482E+01  .257808369E+01
  .260327123E+01  .262857511E+01  .265399296E+01  .267952231E+01  .270516062E+01
  .273090527E+01  .275675357E+01  .278270273E+01  .280874990E+01  .283489214E+01
  .286112642E+01  .288744964E+01  .291385861E+01  .294035006E+01  .296692063E+01
  .299356687E+01  .302028525E+01  .304707216E+01  .307392389E+01  .310083665E+01
  .312780655E+01  .315482964E+01  .318190184E+01  .320901902E+01  .323617692E+01
  .326337124E+01  .329059754E+01  .331785131E+01  .334512796E+01  .337242280E+01
  .339973104E+01  .342704780E+01  .345436813E+01  .348168696E+01  .350899916E+01
  .353629947E+01  .356358257E+01  .359084304E+01  .361807538E+01  .364527398E+01
  .367243315E+01  .369954711E+01  .372661000E+01  .375361586E+01  .378055865E+01
  .380743224E+01  .383423042E+01  .386094688E+01  .388757525E+01  .391410905E+01
  .394054175E+01  .396686670E+01  .399307720E+01  .401916646E+01  .404512762E+01
  .407095373E+01  .409663779E+01  .412217270E+01  .414755130E+01  .417276637E+01
  .419781062E+01  .422267667E+01  .424735711E+01  .427184444E+01  .429613113E+01
  .432020957E+01  .434407210E+01  .436771101E+01  .439111854E+01  .441428689E+01
  .443720819E+01  .445987455E+01  .448227804E+01  .450441068E+01  .452626448E+01
  .454783139E+01  .456910336E+01  .459007229E+01  .461073009E+01  .463106862E+01
  .465107975E+01  .467075533E+01  .469008722E+01  .470906724E+01  .472768725E+01
  .474593910E+01  .476381465E+01  .478130577E+01  .479840436E+01  .481510233E+01
  .483139161E+01  .484726418E+01  .486271206E+01  .487772727E+01  .489230192E+01
  .490642815E+01  .492009816E+01  .493330419E+01  .494603857E+01  .495829368E+01
  .497006200E+01  .498133606E+01  .499210850E+01  .500237202E+01  .501211945E+01
  .502134369E+01  .503003778E+01  .503819483E+01  .504580810E+01  .505287097E+01
  .505937693E+01  .506531962E+01  .507069281E+01  .507549043E+01  .507970653E+01
  .508333536E+01  .508637129E+01  .508880889E+01  .509064289E+01  .509186819E+01
  .509247990E+01  .509247329E+01  .509184386E+01  .509058728E+01  .508869945E+01
  .508617647E+01  .508301466E+01  .507921058E+01  .507476100E+01  .506966292E+01
  .506391361E+01  .505751056E+01  .505045152E+01  .504273449E+01  .503435773E+01
  .502531978E+01  .501561943E+01  .500525575E+01  .499422810E+01  .498253611E+01
  .497017972E+01  .495715913E+01  .494347486E+01  .492912772E+01  .491411883E+01
  .489844962E+01  .488212181E+01  .486513746E+01  .484749894E+01  .482920893E+01
  .481027044E+01  .479068680E+01  .477046167E+01  .474959906E+01  .472810327E+01
  .470597896E+01  .468323112E+01  .465986508E+01  .463588650E+01  .461130137E+01
  .458611603E+01  .456033715E+01  .453397175E+01  .450702716E+01  .447951108E+01
  .445143152E+01  .442279683E+01  .439361571E+01  .436389716E+01  .433365054E+01
  .430288551E+01  .427161208E+01  .423984056E+01  .420758158E+01  .417484610E+01
  .414164536E+01  .410799095E+01  .407389472E+01  .403936883E+01  .400442574E+01
  .396907819E+01  .393333919E+01  .389722205E+01  .386074032E+01  .382390782E+01
  .378673864E+01  .374924709E+01  .371144773E+01  .367335535E+01  .363498497E+01
  .359635182E+01  .355747133E+01  .351835913E+01  .347903103E+01  .343950303E+01
  .339979128E+01  .335991211E+01  .331988198E+01  .327971748E+01  .323943533E+01
  .319905238E+01  .315858556E+01  .311805190E+01  .307746850E+01  .303685254E+01
  .299622125E+01  .295559190E+01  .291498179E+01  .287440823E+01  .283388855E+01
  .279344005E+01  .275308004E+01  .271282576E+01  .267269442E+01  .263270317E+01
  .259286909E+01  .255320916E+01  .251374026E+01  .247447917E+01  .243544253E+01
  .239664685E+01  .235810847E+01  .231984359E+01  .228186819E+01  .224419811E+01
  .220684894E+01  .216983607E+01  .213317467E+01  .209687964E+01  .206096566E+01
  .202544712E+01  .199033813E+01  .195565253E+01  .192140384E+01  .188760527E+01
  .185426972E+01  .182140975E+01  .178903757E+01  .175716505E+01  .172580368E+01
  .169496459E+01  .166465854E+01  .163489588E+01  .160568656E+01  .157704016E+01
  .154896581E+01  .152147224E+01  .149456774E+01  .146826020E+01  .144255704E+01
  .141746525E+01  .139299138E+01  .136914152E+01  .134592131E+01  .132333595E+01
  .130139015E+01  .128008818E+01  .125943385E+01  .123943050E+01  .122008103E+01
  .120138784E+01  .118335291E+01  .116597774E+01  .114926340E+01  .113321050E+01
  .111781921E+01  .110308925E+01  .108901994E+01  .107561017E+01  .106285839E+01
  .105076269E+01  .103932072E+01  .102852979E+01  .101838679E+01  .100888826E+01
  .100003040E+01  .991809024E+00  .984219623E+00  .977257344E+00  .970916986E+00
  .965193024E+00  .960079577E+00  .955570433E+00  .951659011E+00  .948338378E+00
  .945601209E+00  .943439798E+00  .941846015E+00  .940811315E+00  .940326696E+00
  .940382714E+00  .940969439E+00  .942076482E+00  .943692958E+00  .945807525E+00
  .948408356E+00  .951483190E+00  .955019318E+00  .959003643E+00  .963422674E+00
  .968262593E+00  .973509254E+00  .979148257E+00  .985164940E+00  .991544456E+00
  .998271758E+00  .100533168E+01  .101270890E+01  .102038803E+01  .102835359E+01
  .103659004E+01  .104508178E+01  .105381320E+01  .106276867E+01  .107193254E+01
  .108128915E+01  .109082288E+01  .110051809E+01  .111035920E+01  .112033064E+01
  .113041691E+01  .114060252E+01  .115087209E+01  .116121027E+01  .117160181E+01
  .118203152E+01  .119248435E+01  .120294530E+01  .121339956E+01  .122383235E+01
  .123422913E+01  .124457542E+01  .125485695E+01  .126505957E+01  .127516938E+01
  .128517258E+01  .129505565E+01  .130480521E+01  .131440815E+01  .132385154E+01
  .133312276E+01  .134220936E+01  .135109922E+01  .135978042E+01  .136824140E+01
  .137647081E+01  .138445765E+01  .139219119E+01  .139966107E+01  .140685717E+01
  .141376980E+01  .142038951E+01  .142670728E+01  .143271438E+01  .143840249E+01
  .144376362E+01  .144879019E+01  .145347493E+01  .145781105E+01  .146179206E+01
  .146541191E+01  .146866492E+01  .147154584E+01  .147404977E+01  .147617230E+01
  .147790931E+01  .147925721E+01  .148021271E+01  .148077303E+01  .148093570E+01
  .148069875E+01  .148006054E+01  .147901993E+01  .147757607E+01  .147572864E+01
  .147347761E+01  .147082343E+01  .146776690E+01  .146430924E+01  .146045203E+01
  .145619727E+01  .145154729E+01  .144650486E+01  .144107303E+01  .143525531E+01
  .142905547E+01  .142247772E+01  .141552651E+01  .140820673E+01  .140052350E+01
  .139248234E+01  .138408898E+01  .137534958E+01  .136627045E+01  .135685830E+01
  .134712002E+01  .133706285E+01  .132669417E+01  .131602173E+01  .130505339E+01
  .129379732E+01  .128226182E+01  .127045549E+01  .125838699E+01  .124606526E+01
  .123349933E+01  .122069845E+01  .120767193E+01  .119442928E+01  .118098006E+01
  .116733401E+01  .115350086E+01  .113949053E+01  .112531291E+01  .111097803E+01
  .109649587E+01  .108187654E+01  .106713007E+01  .105226660E+01  .103729616E+01
  .102222886E+01  .100707470E+01  .991843713E+00  .976545810E+00  .961190919E+00
  .945788808E+00  .930349252E+00  .914881841E+00  .899396152E+00  .883901559E+00
  .868407393E+00  .852922788E+00  .837456782E+00  .822018221E+00  .806615830E+00
  .791258125E+00  .775953487E+00  .760710070E+00  .745535880E+00  .730438678E+00
  .715426069E+00  .700505395E+00  .685683833E+00  .670968286E+00  .656365478E+00
  .641881853E+00  .627523668E+00  .613296890E+00  .599207289E+00  .585260346E+00
  .571461335E+00  .557815235E+00  .544326821E+00  .531000565E+00  .517840735E+00
  .504851294E+00  .492036003E+00  .479398318E+00  .466941495E+00  .454668489E+00
  .442582054E+00  .430684651E+00  .418978547E+00  .407465717E+00  .396147950E+00
  .385026753E+00  .374103452E+00  .363379099E+00  .352854578E+00  .342530506E+00
  .332407341E+00  .322485288E+00  .312764403E+00  .303244500E+00  .293925256E+00
  .284806118E+00  .275886411E+00  .267165241E+00  .258641605E+00  .250314295E+00
  .242182008E+00  .234243248E+00  .226496439E+00  .218939823E+00  .211571580E+00
  .204389719E+00  .197392192E+00  .190576825E+00  .183941354E+00  .177483434E+00
  .171200635E+00  .165090455E+00  .159150324E+00  .153377611E+00  .147769628E+00
  .142323637E+00  .137036855E+00  .131906461E+00  .126929600E+00  .122103387E+00
  .117424912E+00  .112891249E+00  .108499454E+00  .104246575E+00  .100129651E+00
  .961457216E-01  .922918259E-01  .885650087E-01  .849623233E-01  .814808349E-01
  .781176234E-01  .748697866E-01  .717344427E-01  .687087332E-01  .657898248E-01
  .629749123E-01  .602612201E-01  .576460045E-01  .551265554E-01  .527001981E-01
  .503642946E-01  .481162452E-01  .459534894E-01  .438735076E-01  .418738219E-01
  .399519968E-01  .381056402E-01  .363324041E-01  .346299853E-01  .329961256E-01
  .314286128E-01  .299252802E-01  .284840076E-01  .271027213E-01  .257793938E-01
  .245120444E-01  .232987388E-01  .221375891E-01  .210267537E-01  .199644370E-01
  .189488892E-01  .179784061E-01  .170513285E-01  .161660420E-01  .153209764E-01
  .145146054E-01  .137454459E-01  .130120578E-01  .123130430E-01  .116470449E-01
  .110127481E-01  .104088775E-01  .983419751E-02  .928751163E-02  .876766165E-02
  .827352688E-02  .780402352E-02  .735810384E-02  .693475550E-02  .653300075E-02
  .615189569E-02  .579052954E-02  .544802380E-02  .512353156E-02  .481623667E-02
  .452535302E-02  .425012376E-02  .398982051E-02  .374374264E-02  .351121652E-02
  .329159474E-02  .308425537E-02  .288860128E-02  .270405934E-02  .253007977E-02
  .236613539E-02  .221172094E-02  .206635239E-02  .192956626E-02  .180091897E-02
  .167998618E-02  .156636212E-02  .145965900E-02  .135950639E-02  .126555059E-02
  .117745406E-02  .109489482E-02  .101756593E-02  .945174883E-03  .877443087E-03
  .814105354E-03  .754909367E-03  .699615192E-03  .647994783E-03  .599831515E-03
  .554919720E-03  .513064241E-03  .474079995E-03  .437791554E-03  .404032733E-03
  .372646194E-03  .343483060E-03  .316402545E-03  .291271589E-03  .267964514E-03
  .246362682E-03  .226354172E-03  .207833465E-03  .190701137E-03  .174863571E-03
  .160232672E-03  .146725595E-03  .134264483E-03  .122776217E-03  .112192172E-03
  .102447984E-03  .934833300E-04  .852417102E-04  .776702446E-04  .707194757E-04
  .643431803E-04  .584981891E-04  .531442146E-04  .482436867E-04  .437615953E-04
  .396653405E-04  .359245904E-04  .325111442E-04  .293988037E-04  .265632497E-04
  .239819252E-04  .216339248E-04  .194998890E-04  .175619050E-04  .158034118E-04
  .142091112E-04  .127648833E-04  .114577069E-04  .102755838E-04  .920746865E-05
  .824320165E-05  .737344591E-05  .658962832E-05  .588388419E-05  .524900513E-05
  .467839030E-05  .416600076E-05  .370631669E-05  .329429751E-05  .292534455E-05
  .259526631E-05  .230024600E-05  .203681146E-05  .180180701E-05  .159236749E-05
  .140589401E-05  .124003157E-05  .109264833E-05  .961816337E-06  .845793881E-06
  .743009054E-06  .652044681E-06  .571624416E-06  .500599947E-06  .437939245E-06
  .382715774E-06  .334098602E-06  .291343334E-06  .253783833E-06  .220824642E-06
  .191934072E-06  .166637904E-06  .144513649E-06  .125185333E-06  .108318755E-06
  .936171868E-07  .808174755E-07  .696865178E-07  .600180696E-07  .516298677E-07
  .443610330E-07  .380697323E-07  .326310748E-07  .279352223E-07  .238856939E-07
  .203978462E-07  .173975138E-07  .148197939E-07  .126079614E-07  .107125017E-07
  .909024992E-08  .770362529E-08  .651995154E-08  .551085419E-08  .465172695E-08
  .392125979E-08  .330102227E-08  .277509603E-08  .232975124E-08  .195316200E-08
  .163515651E-08  .136699796E-08  .114119264E-08  .951322269E-09  .791897498E-09
  .658230264E-09  .546322650E-09  .452770297E-09  .374678562E-09  .309589871E-09
  .255420866E-09  .210408090E-09  .173061151E-09  .142122371E-09  .116532101E-09
  .953989305E-10  .779741617E-10  .636299579E-10  .518406762E-10  .421669436E-10
  .342420950E-10  .277606430E-10  .224684912E-10  .181546404E-10  .146441726E-10
  .117923291E-10  .947950878E-11  .760707358E-11  .609380756E-11  .487296227E-11
  .388977397E-11  .309939157E-11  .246514801E-11  .195712103E-11  .155093680E-11
  .122677751E-11  .968559494E-12  .763253910E-12  .600326351E-12  .471275380E-12
  .369253281E-12  .288754972E-12  .225363333E-12  .175541111E-12  .136461236E-12
  .105868715E-12  .819684680E-13  .633344108E-13  .488359040E-13  .375783834E-13
  .288555293E-13  .221108154E-13  .169066608E-13  .128997364E-13  .982123815E-14
  .746116225E-14  .565579854E-14  .427780409E-14  .322834253E-14  .243087297E-14
  .182625317E-14  .136888770E-14  .102370487E-14  .763789627E-15  .568534272E-15
  .422197102E-15  .312781662E-15  .231167312E-15  .170436367E-15  .125354623E-15
  .919712611E-16  .673114630E-16  .491408141E-16  .357851919E-16  .259934083E-16
  .188327222E-16  .136095577E-16  .980950146E-17  .705200772E-17  .505629458E-17
  .361573390E-17  .257866983E-17  .183409071E-17  .130095480E-17  .920259661E-18
  .649165942E-18  .456655333E-18  .320331046E-18  .224066726E-18  .156283673E-18
  .108692042E-18  .753736750E-19  .521157828E-19  .359282627E-19  .246950672E-19
  .169231355E-19  .115621226E-19  .787534971E-20  .534769943E-20  .362008060E-20
  .244293976E-20  .164338611E-20  .110201571E-20  .736624532E-21  .490798911E-21
  .325948316E-21  .215759663E-21  .142349737E-21  .936044353E-22  .613448174E-22
  .400672264E-22  .260806731E-22  .169182132E-22  .109366509E-22  .704524723E-23
  .452249337E-23  .289279151E-23  .184374735E-23  .117089579E-23  .740892206E-24
  .467088351E-24  .293384697E-24  .183593527E-24  .114457890E-24  .710868780E-25
  .439820275E-25  .271075214E-25  .166425429E-25  .101777392E-25  .619970533E-26
  .376153493E-26  .227310549E-26  .136810846E-26  .820075444E-27  .489559193E-27
  .291045175E-27  .172307802E-27  .101583755E-27  .596353387E-28  .348600837E-28
  .202900705E-28  .117585575E-28  .678460786E-29  .389744853E-29  .222897689E-29
  .126906762E-29  .719287209E-30  .405828481E-30  .227923667E-30  .127416896E-30
  .708988456E-31  .392653597E-31  .216432193E-31  .118729726E-31  .648195083E-32
  .352163104E-32  .190395594E-32  .102430145E-32  .548326607E-33  .292061394E-33
  .154779987E-33  .816100525E-34  .428097750E-34  .223405967E-34  .115979461E-34
  .598940538E-35  .307669400E-35  .157204292E-35  .798923814E-36  .403820570E-36
  .202999371E-36  .101485749E-36  .504545486E-37  .249437135E-37  .122621857E-37
  .599378261E-38  .291300055E-38  .140755908E-38  .676174894E-39  .322921887E-39
  .153306824E-39  .723486486E-40  .339377858E-40  .158233988E-40  .733260200E-41
  .337704801E-41  .154566612E-41  .703026755E-42  .317748816E-42  .142701978E-42
  .636777741E-43  .282315865E-43  .124351133E-43  .544137433E-44  .236531524E-44
  .102133454E-44  .438048692E-45  .186607360E-45  .789520877E-46  .331744101E-46
  .138427899E-46  .573588961E-47  .235999126E-47  .964113123E-48  .391046971E-48
  .157466563E-48  .629478972E-49  .249794192E-49  .983934658E-50  .384686888E-50
  .149272534E-50  .574854350E-51  .219692350E-51  .833153155E-52  .313516893E-52
  .117056745E-52  .433615012E-53  .159351928E-53  .580935736E-54  .210082037E-54
  .753550214E-55  .268084667E-55  .945892389E-56  .330981787E-56  .114864950E-56
  .395410190E-57  .135105774E-57  .459926446E-58  .156651842E-58  .548783728E-59
  .207526776E-59  .982389410E-60  .742210760E-60  .000000000E+00  .000000000E+00
  .000000000E+00  .000000000E+00  .000000000E+00  .000000000E+00  .000000000E+00
  .000000000E+00  .000000000E+00  .000000000E+00  .000000000E+00  .000000000E+00
  .000000000E+00  .000000000E+00  .000000000E+00  .000000000E+00  .000000000E+00
  .000000000E+00  .000000000E+00  .000000000E+00  .000000000E+00  .000000000E+00
  .000000000E+00  .000000000E+00  .000000000E+00  .000000000E+00  .000000000E+00
  .000000000E+00  .000000000E+00  .000000000E+00  .000000000E+00  .000000000E+00
  .000000000E+00  .000000000E+00  .000000000E+00  .000000000E+00  .000000000E+00
  .000000000E+00  .000000000E+00  .000000000E+00  .000000000E+00  .000000000E+00
  .000000000E+00  .000000000E+00  .000000000E+00  .000000000E+00  .000000000E+00
  .000000000E+00  .000000000E+00  .000000000E+00  .000000000E+00  .000000000E+00
  .000000000E+00  .000000000E+00  .000000000E+00  .000000000E+00  .000000000E+00
  .000000000E+00  .000000000E+00  .000000000E+00  .000000000E+00  .000000000E+00
  .000000000E+00  .000000000E+00  .000000000E+00  .000000000E+00  .000000000E+00
  .000000000E+00  .000000000E+00  .000000000E+00  .000000000E+00  .000000000E+00
  .000000000E+00  .000000000E+00  .000000000E+00  .000000000E+00  .000000000E+00
  .000000000E+00  .000000000E+00  .000000000E+00  .000000000E+00  .000000000E+00
  .000000000E+00  .000000000E+00  .000000000E+00  .000000000E+00  .000000000E+00
  .000000000E+00  .000000000E+00  .000000000E+00  .000000000E+00  .000000000E+00
  .000000000E+00  .000000000E+00  .000000000E+00  .000000000E+00  .000000000E+00
  .000000000E+00  .000000000E+00  .000000000E+00  .000000000E+00  .000000000E+00
  .000000000E+00  .000000000E+00  .000000000E+00  .000000000E+00  .000000000E+00
  .000000000E+00  .000000000E+00  .000000000E+00  .000000000E+00  .000000000E+00
  .000000000E+00  .000000000E+00  .000000000E+00  .000000000E+00  .000000000E+00
  .000000000E+00  .000000000E+00  .000000000E+00  .000000000E+00  .000000000E+00
  .000000000E+00  .000000000E+00  .000000000E+00  .000000000E+00  .000000000E+00
  .000000000E+00  .000000000E+00  .000000000E+00  .000000000E+00  .000000000E+00
  .000000000E+00  .000000000E+00  .000000000E+00  .000000000E+00  .000000000E+00
  .000000000E+00  .000000000E+00  .000000000E+00  .000000000E+00  .000000000E+00
